EEG FCN:

[111, 297, 106, 144, 54, 405, 537, 40, 204, 90, 277, 257, 99, 62, 142, 65, 69, 36, 73, 607, 139, 27, 289, 171, 282, 298, 79, 4, 86, 35, 169, 36, 39, 130, 1000, 1000, 57, 100, 1000, 22, 61, 1000, 1000, 1000, 54, 1000, 1000, 1000, 1000, 46, 28, 1000, 94, 81, 1000, 1000, 39, 1000, 1000, 20, 63, 67, 1000, 18, 54, 63, 26, 80, 1000, 1000, 1000, 1000, 1000, 21, 1000, 26, 23, 1000, 1000, 50, 1000, 51, 1000, 1000, 42, 1000, 1000, 53, 64, 25, 88, 34, 1000, 50, 26, 39]


EEG MLSTM:

[105, 302, 98, 135, 29, 400, 511, 23, 196, 96, 267, 249, 52, 44, 130, 85, 43, 35, 78, 611, 129, 25, 283, 169, 272, 298, 97, 207, 25, 156, 29, 30, 143, 1000, 1000, 95, 128, 1000, 35, 84, 1000, 1000, 1000, 65, 1000, 1000, 1000, 94, 91, 40, 1000, 102, 172, 1000, 1000, 40, 1000, 1000, 27, 94, 65, 1000, 26, 97, 135, 22, 105, 1000, 1000, 1000, 1000, 1000, 14, 1000, 25, 43, 1000, 1000, 83, 1000, 75, 1000, 1000, 56, 1000, 1000, 168, 130, 18, 75, 44, 1000, 56, 47, 42]

EEG MLSTM_attention:

[90, 270, 101, 134, 31, 390, 512, 21, 172, 79, 264, 252, 53, 47, 130, 50, 39, 82, 58, 607, 126, 26, 263, 154, 268, 280, 336, 26, 149, 20, 26, 115, 1000, 1000, 41, 99, 1000, 17, 41, 1000, 1000, 1000, 46, 1000, 1000, 1000, 1000, 50, 31, 1000, 81, 141, 1000, 1000, 28, 1000, 1000, 17, 46, 58, 1000, 15, 62, 84, 31, 77, 1000, 1000, 1000, 1000, 1000, 27, 1000, 14, 26, 1000, 1000, 37, 1000, 45, 1000, 1000, 40, 1000, 1000, 97, 82, 1000, 100, 32, 1000, 41, 27, 38]

arabic_voice FCN:

[53, 37, 42, 20, 14, 30, 20, 4, 13, 57, 29, 41, 30, 24, 18, 26, 33, 7, 45, 18, 35, 6, 39, 38, 37, 37, 36, 38, 29, 24, 10, 42, 84, 35, 43, 26, 43, 19, 56, 20, 36, 36, 6, 45, 37, 35, 28, 33, 44, 10, 25, 43, 14, 54, 40, 33, 20, 36, 35, 42, 40, 46, 30, 20, 37, 31, 35, 14, 15, 34, 18, 46, 42, 53, 34, 14, 24, 53, 19, 23, 4, 14, 43, 42, 31, 17, 33, 35, 11, 4, 27, 18, 33, 27, 20, 14, 23, 37, 12, 14, 6, 32, 29, 6, 14, 37, 19, 24, 37, 12, 42, 21, 12, 14, 42, 13, 50, 26, 30, 2, 15, 21, 12, 8, 32, 24, 16, 22, 31, 17, 8, 22, 26, 32, 26, 19, 45, 30, 14, 11, 21, 44, 26, 8, 13, 20, 31, 13, 14, 38, 37, 38, 52, 43, 72, 4, 16, 26, 56, 131, 59, 41, 48, 124, 18, 30, 15, 43, 53, 1000, 19, 43, 103, 9, 45, 23, 34, 33, 78, 20, 28, 45, 25, 30, 60, 36, 52, 67, 61, 70, 23, 44, 33, 25, 63, 40, 35, 26, 64, 47, 16, 14, 51, 32, 86, 39, 46, 37, 81, 81, 19, 50, 56, 2, 74, 24, 26, 22, 50, 9, 23, 57, 34, 40, 28, 19, 3, 25, 7, 57, 37, 39, 25, 41, 41, 36, 69, 43, 66, 24, 12, 28, 57, 44, 34, 50, 22, 41, 33, 39, 43, 52, 40, 38, 31, 47, 48, 15, 14, 46, 45, 14, 37, 85, 13, 33, 55, 34, 23, 35, 70, 34, 37, 19, 20, 42, 46, 46, 3, 15, 5, 33, 47, 6, 17, 54, 10, 16, 13, 57, 18, 12, 41, 48, 13, 23, 34, 26, 37, 21, 24, 35, 24, 31, 9, 4, 15, 41, 24, 26, 16, 35, 21, 33, 27, 39, 17, 45, 18, 24, 14, 20, 26, 23, 14, 16, 34, 32, 23, 18, 24, 31, 11, 44, 24, 24, 12, 13, 13, 11, 19, 28, 26, 18, 20, 13, 29, 38, 19, 32, 26, 32, 18, 11, 17, 21, 17, 38, 28, 26, 13, 41, 13, 30, 10, 48, 12, 16, 39, 15, 2, 20, 28, 36, 166, 163, 130, 130, 216, 181, 247, 149]

arabic_voice MSLTM:

[59, 39, 54, 31, 49, 53, 32, 42, 18, 38, 33, 31, 55, 32, 32, 41, 65, 19, 36, 30, 29, 20, 30, 36, 31, 32, 57, 65, 39, 46, 15, 31, 42, 48, 38, 29, 34, 17, 36, 45, 48, 33, 39, 35, 23, 40, 23, 21, 45, 36, 40, 37, 47, 64, 38, 26, 29, 48, 31, 54, 34, 41, 27, 18, 30, 34, 40, 41, 24, 36, 54, 44, 40, 65, 62, 31, 46, 83, 34, 37, 72, 33, 31, 73, 46, 57, 66, 35, 24, 56, 44, 43, 45, 56, 55, 70, 62, 57, 49, 50, 60, 61, 49, 42, 36, 41, 47, 72, 81, 56, 68, 52, 31, 20, 76, 51, 74, 41, 64, 56, 28, 50, 59, 26, 63, 61, 44, 71, 42, 59, 30, 35, 57, 57, 59, 32, 49, 66, 42, 29, 67, 29, 81, 28, 43, 41, 85, 66, 38, 106, 148, 143, 126, 109, 144, 94, 55, 108, 109, 198, 130, 118, 124, 138, 105, 151, 78, 101, 169, 78, 76, 108, 76, 104, 121, 82, 95, 59, 107, 103, 138, 134, 108, 124, 105, 107, 126, 131, 119, 133, 124, 144, 84, 110, 158, 107, 198, 106, 86, 126, 111, 106, 111, 128, 140, 95, 131, 149, 157, 123, 100, 99, 130, 99, 117, 93, 143, 94, 105, 124, 82, 141, 189, 146, 49, 44, 39, 54, 70, 63, 66, 37, 51, 45, 42, 62, 49, 57, 48, 45, 61, 47, 55, 38, 40, 60, 42, 52, 63, 43, 66, 49, 44, 56, 57, 55, 45, 76, 37, 52, 62, 57, 43, 56, 50, 57, 49, 29, 37, 58, 48, 61, 45, 60, 39, 45, 59, 69, 62, 47, 59, 63, 42, 71, 55, 56, 65, 30, 40, 47, 55, 58, 52, 54, 53, 47, 55, 45, 64, 23, 41, 44, 38, 49, 36, 35, 35, 37, 31, 40, 36, 44, 36, 54, 37, 34, 45, 60, 56, 47, 44, 35, 46, 42, 35, 26, 54, 51, 42, 29, 36, 54, 35, 38, 55, 52, 33, 37, 33, 36, 26, 35, 40, 34, 39, 39, 36, 45, 33, 49, 42, 29, 48, 31, 38, 34, 27, 60, 50, 48, 42, 51, 37, 34, 32, 44, 50, 32, 44, 62, 42, 38, 49, 41, 81, 131, 70, 70, 115, 80, 176, 82, 126, 52, 138, 90, 61, 258, 122, 127, 68, 81, 151, 148, 80, 100, 94, 114, 91, 227, 77, 104, 122, 61, 115, 134, 104, 137, 124, 70, 180, 73, 87, 106, 196, 69, 59, 165, 96, 82, 148, 258, 162, 131, 87, 151, 150, 126, 71, 78, 144, 187, 84, 128, 72, 141, 83, 163, 85, 70, 136, 77, 108, 91, 73, 121, 122, 140, 167, 24, 11, 24, 24, 32, 22, 29, 19, 25, 20, 22, 20, 38, 10, 24, 46, 33, 24, 8, 27, 26, 12, 31, 18, 37, 34, 20, 10, 13, 20, 31, 14, 8, 19, 34, 46, 17, 9, 35, 39, 42, 34, 22, 24, 17, 32, 40, 24, 27, 28, 25, 29, 25, 40, 25, 36, 24, 32, 18, 31, 8, 28, 17, 21, 13, 21, 11, 23, 23, 56, 41, 26, 21, 22, 20, 51, 39, 49, 50, 57, 44, 47, 46, 30, 39, 30, 45, 38]

arabic_voice MLSTM_attention:

[71, 37, 69, 50, 31, 60, 49, 61, 43, 59, 47, 67, 34, 38, 51, 66, 58, 37, 56, 34, 59, 23, 78, 68, 47, 47, 64, 91, 50, 57, 31, 54, 27, 68, 69, 36, 56, 42, 56, 52, 64, 50, 47, 59, 60, 43, 47, 60, 63, 56, 58, 57, 44, 90, 47, 52, 34, 33, 52, 64, 55, 74, 42, 41, 59, 48, 58, 63, 48, 50, 77, 66, 60, 81, 42, 27, 35, 64, 27, 28, 53, 24, 31, 47, 33, 30, 43, 28, 19, 33, 40, 39, 35, 38, 47, 33, 53, 52, 40, 38, 34, 41, 33, 22, 39, 42, 22, 35, 59, 41, 43, 25, 31, 25, 52, 32, 53, 36, 41, 48, 31, 34, 31, 30, 46, 41, 31, 35, 34, 38, 24, 35, 45, 41, 43, 37, 41, 35, 31, 28, 47, 35, 50, 24, 41, 33, 64, 41, 26, 193, 1000, 107, 121, 127, 200, 101, 45, 296, 122, 185, 122, 84, 99, 102, 64, 62, 60, 40, 134, 114, 51, 94, 56, 39, 121, 51, 110, 64, 131, 176, 127, 112, 59, 98, 102, 115, 128, 102, 151, 344, 82, 110, 63, 60, 108, 96, 1000, 81, 96, 125, 73, 49, 86, 103, 359, 95, 63, 132, 321, 145, 123, 75, 105, 118, 412, 61, 287, 100, 80, 231, 109, 198, 355, 218, 42, 70, 46, 66, 43, 34, 40, 75, 66, 81, 74, 53, 79, 74, 89, 72, 70, 88, 71, 53, 69, 84, 41, 88, 82, 71, 43, 80, 68, 51, 49, 74, 77, 42, 58, 86, 93, 73, 58, 27, 79, 63, 72, 40, 62, 80, 83, 79, 60, 104, 65, 86, 90, 45, 33, 70, 33, 43, 81, 42, 74, 88, 53, 53, 52, 85, 85, 77, 76, 100, 85, 44, 72, 43, 79, 20, 26, 29, 16, 22, 20, 25, 36, 35, 38, 36, 16, 43, 24, 37, 30, 32, 33, 56, 44, 25, 30, 28, 36, 27, 23, 18, 39, 40, 32, 22, 25, 43, 23, 42, 41, 25, 23, 21, 24, 15, 23, 25, 21, 17, 23, 27, 31, 43, 24, 28, 28, 39, 37, 23, 24, 20, 22, 37, 32, 31, 30, 51, 23, 31, 19, 49, 34, 20, 31, 33, 37, 25, 28, 33, 138, 151, 102, 102, 142, 104, 150, 96, 112, 114, 134, 110, 101, 167, 155, 164, 128, 133, 167, 194, 91, 127, 134, 195, 108, 199, 145, 144, 188, 150, 145, 199, 151, 217, 180, 103]

HAR FCN:

[209, 208, 210, 214, 215, 210, 208, 214, 215, 214, 212, 212, 214, 262, 230, 229, 225, 223, 225, 227, 225, 226, 228, 141, 138, 135, 145, 149, 141, 137, 145, 151, 150, 143, 143, 148, 248, 169, 157, 153, 145, 146, 149, 148, 147, 150, 153, 150, 148, 144, 81, 111, 75]

HAR MLSTM:

[122, 119, 119, 130, 134, 124, 123, 132, 134, 135, 130, 129, 133, 197, 179, 162, 156, 151, 152, 155, 154, 155, 157, 158, 156, 155, 226, 136, 151, 200, 313, 256, 204, 207, 206, 205, 205, 175, 171, 176, 182, 184, 181, 184, 185, 185, 187, 186, 185, 187, 185, 184, 185, 190, 192, 186, 185, 190, 192, 192, 188, 188, 191, 273, 223, 213, 207, 205, 206, 208, 206, 206, 209, 210, 208, 207, 214, 158, 163, 137, 196, 266, 193, 198, 202, 197, 198, 146, 170]

HAR MLSTM_attention:

[123, 124, 124, 130, 134, 122, 115, 126, 131, 133, 116, 118, 130, 175, 133, 119, 115, 113, 114, 116, 117, 116, 118, 119, 117, 118, 233, 155, 155, 76, 153, 238, 151, 155, 155, 150, 149, 125, 118, 129, 152, 153, 156, 154, 152, 154, 154, 153, 155, 153, 456, 431, 172, 170, 169, 178, 180, 174, 172, 180, 181, 181, 177, 177, 180, 217, 196, 186, 181, 177, 178, 180, 180, 180, 182, 183, 181, 181, 126, 111, 91, 106, 167, 207, 169, 181, 183, 179, 178, 196, 166, 113, 68, 66, 68, 71, 69, 71, 74, 71, 73, 74] 153, 155, 153, 1000, 1000, 456, 431]