EEG FCN: 
[4.0, 2.0, 2.0, 2.0, 2.0, 2.0, 2.0, 2.0, 2.0, 2.0, 1.0, 2.0, 2.0, 2.0, 2.0, 2.0, 2.0, 2.0, 2.0, 2.0, 2.0, 2.0, 2.0, 2.0, 2.0, 2.0, 2.0, 2.0, 2.0, 2.0, 2.0, 2.0, 2.0, 2.0, 2.0, 2.0, 2.0, 3.0, 2.0, 2.0, 2.0, 2.0, 2.0, 2.0, 2.0, 2.0, 2.0, 2.0, 4.0, 2.0, 2.0, 2.0, 2.0, 3.0, 3.0, 3.0, 2.0, 3.0, 3.0, 2.0, 2.0, 2.0, 3.0, 2.0]

EEG MLSTM:
[6.0, 3.0, 3.0, 3.0, 2.0, 2.0, 2.0, 3.0, 2.0, 3.0, 3.0, 3.0, 3.0, 3.0, 3.0, 3.0, 3.0, 3.0, 2.0, 2.0, 2.0, 2.0, 3.0, 3.0, 2.0, 2.0, 2.0, 2.0, 3.0, 2.0, 3.0, 3.0, 3.0, 3.0, 2.0, 2.0, 3.0, 3.0, 3.0, 3.0, 2.0, 3.0, 3.0, 3.0, 2.0, 3.0, 3.0, 3.0, 3.0, 3.0, 3.0, 3.0, 3.0, 3.0, 3.0, 3.0, 3.0, 4.0, 5.0, 2.0, 2.0, 2.0, 2.0, 3.0]

EEG MLSTM_attention:
[9.0, 9.0, 10.0, 9.0, 8.0, 8.0, 8.0, 9.0, 8.0, 9.0, 8.0, 9.0, 8.0, 8.0, 8.0, 7.0, 8.0, 8.0, 8.0, 9.0, 9.0, 8.0, 8.0, 10.0, 9.0, 9.0, 9.0, 8.0, 8.0, 9.0, 9.0, 8.0, 8.0, 9.0, 8.0, 9.0, 8.0, 9.0, 8.0, 9.0, 10.0, 9.0, 7.0, 7.0, 8.0, 8.0, 9.0, 10.0, 9.0, 9.0, 9.0, 9.0, 8.0, 9.0, 8.0, 6.0, 8.0, 8.0, 8.0, 8.0, 8.0, 8.0, 9.0, 9.0]

arabic_voice FCN:
[4.0, 2.0, 2.0, 2.0, 3.0, 2.0, 2.0, 3.0, 2.0, 2.0, 2.0, 3.0, 3.0, 3.0, 2.0, 2.0, 2.0, 2.0, 2.0, 2.0, 2.0, 4.0, 2.0, 2.0, 2.0, 2.0, 2.0, 2.0, 2.0, 2.0, 2.0, 3.0, 2.0, 2.0, 2.0, 2.0, 3.0, 2.0, 3.0, 2.0, 2.0, 2.0, 3.0, 2.0, 2.0, 2.0, 2.0, 2.0, 2.0, 2.0, 2.0, 2.0, 3.0, 2.0, 2.0, 2.0, 2.0, 2.0, 3.0, 3.0, 2.0, 2.0, 2.0, 2.0, 2.0, 2.0, 3.0, 2.0, 2.0, 2.0, 2.0, 2.0, 3.0, 3.0, 2.0, 2.0, 2.0, 4.0, 3.0, 3.0, 3.0, 2.0, 2.0, 2.0, 2.0, 2.0, 2.0, 2.0, 2.0, 2.0, 3.0, 4.0, 4.0, 3.0, 4.0, 2.0, 2.0, 2.0, 2.0, 2.0, 2.0, 2.0, 2.0, 2.0, 2.0, 3.0, 2.0, 2.0, 3.0, 3.0, 2.0, 2.0, 3.0, 3.0, 3.0, 2.0, 2.0, 2.0, 2.0, 3.0, 3.0, 2.0, 3.0, 4.0, 4.0, 3.0, 3.0, 2.0, 2.0, 5.0, 3.0, 2.0, 2.0, 2.0, 1.0, 2.0, 2.0, 2.0, 2.0, 3.0, 3.0, 3.0, 3.0, 3.0, 2.0, 2.0, 3.0, 2.0, 2.0, 3.0, 2.0, 2.0, 1.0, 3.0, 2.0, 3.0, 2.0, 2.0, 2.0, 2.0, 3.0, 2.0, 2.0, 3.0, 2.0, 2.0, 3.0, 2.0, 2.0, 2.0, 2.0, 2.0, 2.0, 3.0, 3.0, 2.0, 2.0, 2.0, 2.0, 3.0, 2.0, 3.0, 3.0, 3.0, 3.0, 2.0, 2.0, 2.0, 2.0, 2.0, 2.0, 2.0, 2.0, 2.0, 2.0, 2.0, 2.0, 2.0, 2.0, 3.0, 2.0, 2.0, 2.0, 2.0, 2.0, 2.0, 2.0, 2.0, 2.0, 3.0, 3.0, 2.0, 3.0, 2.0, 3.0, 2.0, 2.0, 2.0, 2.0, 2.0, 2.0, 2.0, 2.0, 2.0, 2.0, 2.0, 2.0, 2.0, 2.0, 2.0, 2.0, 2.0, 2.0, 3.0, 2.0, 2.0, 3.0, 3.0, 2.0, 2.0, 2.0, 2.0, 2.0, 2.0, 2.0, 2.0, 2.0, 2.0, 2.0, 2.0, 3.0, 3.0, 3.0, 2.0, 2.0, 2.0, 2.0, 2.0, 2.0, 2.0, 2.0, 2.0, 2.0, 2.0, 2.0, 2.0, 2.0, 2.0, 2.0, 2.0, 2.0, 2.0, 2.0, 2.0, 2.0, 2.0, 2.0, 2.0, 3.0, 2.0, 2.0, 2.0, 2.0, 2.0, 2.0, 2.0, 2.0, 2.0, 2.0, 2.0, 2.0, 2.0, 2.0, 3.0, 2.0, 2.0, 2.0, 2.0, 2.0, 2.0, 2.0, 2.0, 2.0, 2.0, 3.0, 2.0, 3.0, 3.0, 3.0, 4.0, 4.0, 4.0, 4.0, 4.0, 5.0, 2.0, 2.0, 2.0, 4.0, 3.0, 3.0, 3.0, 4.0, 7.0, 4.0, 2.0, 2.0, 2.0, 2.0, 4.0, 2.0, 2.0, 3.0, 3.0, 2.0, 3.0, 2.0, 2.0, 2.0, 2.0, 2.0, 2.0, 2.0, 2.0, 2.0, 2.0, 2.0, 2.0, 2.0, 2.0, 2.0, 3.0, 2.0, 2.0, 3.0, 3.0, 2.0, 2.0, 2.0, 2.0, 3.0, 3.0, 2.0, 2.0, 2.0, 2.0, 2.0, 2.0, 2.0, 2.0, 2.0, 2.0, 2.0, 3.0, 2.0, 2.0, 2.0, 2.0, 2.0, 2.0, 3.0, 2.0, 2.0, 2.0, 2.0, 3.0, 3.0, 3.0, 3.0, 2.0, 2.0, 2.0, 2.0, 2.0, 2.0, 2.0, 2.0, 3.0, 2.0, 2.0, 2.0, 2.0, 2.0, 2.0, 2.0, 2.0, 2.0, 2.0, 2.0, 2.0, 2.0, 2.0, 2.0, 2.0, 2.0, 2.0, 2.0, 2.0, 2.0, 2.0, 2.0, 2.0, 2.0, 2.0, 2.0, 3.0, 2.0, 2.0, 2.0, 2.0, 2.0, 2.0, 3.0, 3.0, 3.0, 3.0, 3.0, 3.0, 3.0, 3.0, 3.0, 3.0, 3.0, 3.0, 4.0, 2.0, 2.0, 2.0, 3.0, 2.0, 3.0, 3.0, 2.0, 2.0, 2.0, 2.0, 3.0, 2.0, 2.0, 2.0, 2.0, 2.0, 2.0, 2.0, 2.0, 2.0, 2.0, 3.0, 2.0, 2.0, 2.0, 2.0, 2.0, 2.0, 2.0, 2.0, 2.0, 2.0, 2.0, 2.0, 2.0, 3.0, 3.0, 2.0, 3.0, 3.0, 3.0, 4.0, 4.0, 4.0, 4.0, 4.0, 4.0, 4.0, 3.0, 2.0, 2.0, 2.0, 2.0, 2.0, 2.0, 3.0, 2.0, 2.0, 2.0, 3.0, 3.0, 2.0, 2.0, 3.0, 2.0, 2.0, 2.0, 2.0, 2.0, 2.0, 2.0, 2.0, 2.0, 2.0, 2.0, 2.0, 2.0, 2.0, 2.0, 2.0, 2.0, 2.0, 2.0, 2.0, 2.0, 2.0, 3.0, 2.0, 3.0, 2.0, 2.0, 2.0, 2.0, 2.0, 2.0, 2.0, 3.0, 3.0, 3.0, 3.0, 3.0, 2.0, 3.0, 2.0, 2.0, 2.0, 2.0, 2.0, 2.0, 2.0, 2.0, 2.0, 2.0, 2.0, 2.0, 2.0, 2.0, 2.0, 2.0, 1.0, 2.0, 3.0, 3.0, 3.0, 2.0, 2.0, 2.0, 2.0, 2.0, 2.0, 2.0, 2.0, 2.0, 2.0, 2.0, 2.0, 3.0, 2.0, 3.0, 3.0, 3.0, 3.0, 3.0, 2.0, 2.0, 2.0, 2.0, 2.0, 2.0, 2.0, 2.0, 2.0, 2.0, 2.0, 3.0, 2.0, 2.0, 2.0, 2.0, 2.0, 3.0, 2.0, 2.0, 2.0, 2.0, 2.0, 2.0, 2.0, 2.0, 3.0, 2.0, 2.0, 2.0, 2.0, 2.0, 2.0, 2.0, 3.0, 3.0, 2.0, 3.0, 3.0, 2.0, 2.0, 2.0, 2.0, 2.0, 2.0, 2.0, 2.0, 2.0, 2.0, 3.0, 2.0, 2.0, 3.0, 2.0, 2.0, 3.0, 2.0, 2.0, 2.0, 2.0, 2.0, 2.0, 3.0, 2.0, 2.0, 3.0, 2.0, 2.0, 2.0, 2.0, 2.0, 5.0, 2.0, 2.0, 2.0, 2.0, 2.0, 3.0, 2.0, 2.0, 2.0, 2.0, 2.0, 2.0, 2.0, 3.0, 2.0, 2.0, 2.0, 2.0, 2.0, 2.0, 2.0, 2.0, 2.0, 3.0, 2.0, 2.0, 3.0, 2.0, 2.0, 2.0, 2.0, 2.0, 2.0, 2.0, 3.0, 2.0, 2.0, 2.0, 2.0, 3.0, 3.0, 3.0, 3.0, 2.0, 3.0, 2.0, 2.0, 2.0, 3.0, 2.0, 2.0, 2.0, 2.0, 3.0, 2.0, 3.0, 3.0, 2.0, 2.0, 2.0, 2.0, 2.0, 2.0, 2.0, 2.0, 2.0, 3.0, 3.0, 2.0, 2.0, 2.0, 3.0, 2.0, 2.0, 3.0, 3.0, 3.0, 3.0, 2.0, 2.0, 2.0, 2.0, 2.0, 3.0, 2.0, 3.0, 3.0, 2.0, 3.0, 3.0, 3.0, 2.0, 2.0, 2.0, 2.0, 2.0, 2.0, 3.0, 2.0, 2.0, 2.0, 3.0, 2.0, 2.0, 3.0, 2.0, 3.0, 2.0, 3.0, 2.0, 2.0, 3.0, 2.0, 3.0, 3.0, 2.0, 2.0, 2.0, 2.0, 2.0, 2.0, 3.0, 2.0, 3.0, 2.0, 2.0, 2.0, 2.0, 2.0, 2.0, 2.0, 2.0, 2.0, 2.0, 2.0, 2.0, 2.0, 2.0, 2.0, 2.0, 2.0, 2.0, 2.0, 2.0, 2.0, 2.0, 2.0, 2.0, 3.0, 2.0, 2.0, 2.0, 1.0, 3.0, 2.0, 2.0, 2.0, 2.0, 3.0, 2.0, 2.0, 3.0, 2.0, 2.0, 2.0, 2.0, 2.0, 2.0, 2.0, 2.0, 3.0, 3.0, 2.0, 2.0, 2.0, 2.0, 2.0, 2.0, 2.0, 2.0, 2.0, 2.0, 3.0, 2.0, 2.0, 2.0, 2.0, 2.0, 2.0, 2.0, 2.0, 2.0, 3.0, 2.0, 2.0, 2.0, 2.0, 2.0, 3.0, 2.0, 2.0, 2.0, 2.0, 3.0, 2.0, 2.0, 2.0, 2.0, 3.0, 3.0, 3.0, 3.0, 2.0, 2.0, 3.0, 2.0, 3.0, 2.0, 2.0, 2.0, 2.0, 2.0, 2.0, 2.0, 3.0, 2.0, 2.0, 2.0, 2.0, 2.0, 3.0, 2.0, 2.0, 2.0, 2.0, 1.0, 2.0, 2.0, 2.0, 2.0, 2.0, 2.0, 2.0, 3.0, 3.0, 2.0, 3.0, 2.0, 3.0, 3.0, 3.0, 4.0, 4.0, 4.0, 4.0, 3.0, 2.0, 3.0, 3.0, 3.0, 4.0, 4.0, 4.0, 5.0, 4.0, 2.0, 2.0, 2.0, 2.0, 2.0, 2.0, 2.0, 2.0, 2.0, 2.0, 2.0, 2.0, 3.0, 2.0, 2.0, 3.0, 2.0, 2.0, 3.0, 2.0, 3.0, 3.0, 2.0, 3.0, 2.0, 2.0, 3.0, 2.0, 3.0, 2.0, 2.0, 2.0, 3.0, 2.0, 2.0, 1.0, 2.0, 2.0, 2.0, 2.0, 3.0, 2.0, 2.0, 2.0, 3.0, 3.0, 2.0, 2.0, 2.0, 2.0, 2.0, 3.0, 2.0, 3.0, 2.0, 2.0, 2.0, 2.0, 2.0, 2.0, 3.0, 3.0, 2.0, 2.0, 2.0, 2.0, 3.0, 2.0, 2.0, 2.0, 3.0, 2.0, 3.0, 2.0, 3.0, 3.0, 2.0, 2.0, 4.0, 2.0, 2.0, 2.0, 2.0, 2.0, 3.0, 2.0, 2.0, 2.0, 2.0, 2.0, 3.0, 3.0, 3.0, 2.0, 2.0, 2.0, 2.0, 3.0, 3.0, 2.0, 3.0, 3.0, 2.0, 2.0, 2.0, 1.0, 2.0, 3.0, 3.0, 2.0, 2.0, 2.0, 2.0, 3.0, 2.0, 2.0, 2.0, 2.0, 2.0, 2.0, 2.0, 2.0, 2.0, 3.0, 2.0, 2.0, 2.0, 3.0, 2.0, 2.0, 2.0, 3.0, 2.0, 2.0, 3.0, 2.0, 2.0, 2.0, 2.0, 2.0, 2.0, 2.0, 2.0, 2.0, 2.0, 3.0, 3.0, 2.0, 2.0, 2.0, 2.0, 2.0, 3.0, 3.0, 2.0, 2.0, 2.0, 2.0, 3.0, 2.0, 2.0, 2.0, 3.0, 3.0, 2.0, 2.0, 3.0, 2.0, 2.0, 2.0, 2.0, 2.0, 2.0, 2.0, 2.0, 2.0, 2.0, 2.0, 2.0, 2.0, 2.0, 2.0, 3.0, 3.0, 3.0, 3.0, 3.0, 2.0, 3.0, 4.0, 3.0, 3.0, 3.0, 4.0, 2.0, 2.0, 1.0, 2.0, 2.0, 2.0, 2.0, 2.0, 3.0, 1.0, 2.0, 2.0, 2.0, 2.0, 2.0, 2.0, 3.0, 2.0, 3.0, 2.0, 2.0, 3.0, 2.0, 2.0, 3.0, 3.0, 3.0, 4.0, 3.0, 2.0, 1.0, 2.0, 3.0, 3.0, 2.0, 2.0, 2.0, 2.0, 2.0, 2.0, 3.0, 3.0, 2.0, 2.0, 2.0, 2.0, 3.0, 2.0, 3.0, 2.0, 3.0, 2.0, 2.0, 2.0, 2.0, 2.0, 3.0, 3.0, 2.0, 4.0, 2.0, 2.0, 3.0, 2.0, 2.0, 3.0, 3.0, 3.0, 3.0, 4.0, 3.0, 4.0, 2.0, 2.0, 2.0, 2.0, 2.0, 4.0, 3.0, 4.0, 4.0, 4.0, 2.0, 2.0, 2.0, 2.0, 2.0, 2.0, 2.0, 3.0, 3.0, 4.0, 4.0, 4.0, 4.0, 4.0, 4.0, 4.0, 4.0, 4.0, 4.0, 4.0, 3.0, 2.0, 3.0, 3.0, 2.0, 2.0, 2.0, 2.0, 2.0, 2.0, 3.0, 2.0, 2.0, 3.0, 3.0, 3.0, 3.0, 3.0, 2.0, 3.0, 4.0, 4.0, 4.0, 4.0, 5.0, 4.0, 4.0, 4.0, 3.0, 2.0, 2.0, 2.0, 2.0, 3.0, 2.0, 2.0, 2.0, 2.0, 2.0, 2.0, 2.0, 2.0, 2.0, 2.0, 2.0, 2.0, 2.0, 2.0, 3.0, 3.0, 2.0, 3.0, 2.0, 2.0, 2.0, 2.0, 3.0, 2.0, 2.0, 3.0, 3.0, 2.0, 1.0, 2.0, 3.0, 2.0, 2.0, 3.0, 2.0, 2.0, 2.0, 2.0, 2.0, 1.0, 2.0, 2.0, 2.0, 2.0, 2.0, 2.0, 2.0, 2.0, 2.0, 2.0, 2.0, 2.0, 2.0, 2.0, 2.0, 2.0, 3.0, 2.0, 2.0, 2.0, 2.0, 2.0, 2.0, 2.0, 3.0, 2.0, 2.0, 2.0, 2.0, 2.0, 2.0, 2.0, 2.0, 4.0, 2.0, 3.0, 3.0, 2.0, 2.0, 3.0, 3.0, 3.0, 3.0, 3.0, 3.0, 3.0, 3.0, 3.0, 3.0, 3.0, 2.0, 2.0, 2.0, 2.0, 2.0, 3.0, 2.0, 2.0, 2.0, 2.0, 2.0, 3.0, 2.0, 2.0, 3.0, 2.0, 2.0, 2.0, 2.0, 2.0, 2.0, 3.0, 2.0, 2.0, 2.0, 2.0, 2.0, 2.0, 2.0, 2.0, 2.0, 2.0, 2.0, 2.0, 2.0, 2.0, 2.0, 3.0, 2.0, 3.0, 3.0, 4.0, 2.0, 3.0, 2.0, 3.0, 2.0, 2.0, 2.0, 2.0, 2.0, 2.0, 2.0, 2.0, 2.0, 2.0, 2.0, 2.0, 2.0, 2.0, 3.0, 3.0, 2.0, 3.0, 2.0, 3.0, 3.0, 2.0, 2.0, 2.0, 2.0, 3.0, 3.0, 2.0, 2.0, 2.0, 3.0, 3.0, 2.0, 1.0, 2.0, 2.0, 2.0, 2.0, 2.0, 2.0, 2.0, 2.0, 2.0, 3.0, 2.0, 3.0, 2.0, 2.0, 2.0, 2.0, 2.0, 2.0, 2.0, 3.0, 3.0, 3.0, 3.0, 2.0, 3.0, 2.0, 2.0, 2.0, 2.0, 3.0, 2.0, 2.0, 2.0, 3.0, 2.0, 2.0, 2.0, 2.0, 2.0, 2.0, 2.0, 2.0, 3.0, 2.0, 2.0, 2.0, 2.0, 2.0, 2.0, 3.0, 3.0, 2.0, 2.0, 2.0, 2.0, 3.0, 3.0, 2.0, 2.0, 2.0, 3.0, 2.0, 2.0, 2.0, 2.0, 2.0, 2.0, 3.0, 2.0, 2.0, 2.0, 2.0, 2.0, 2.0, 2.0, 2.0, 2.0, 3.0, 2.0, 3.0, 3.0, 2.0, 3.0, 3.0, 3.0, 4.0, 2.0, 3.0, 2.0, 2.0, 2.0, 3.0, 3.0, 2.0, 4.0, 2.0, 2.0, 2.0, 2.0, 2.0, 2.0, 2.0, 2.0, 2.0, 2.0, 2.0, 2.0, 2.0, 2.0, 2.0, 2.0, 2.0, 2.0, 2.0, 2.0, 2.0, 2.0, 2.0, 2.0, 2.0, 3.0, 3.0, 2.0, 2.0, 2.0, 2.0, 2.0, 2.0, 2.0, 2.0, 2.0, 2.0, 3.0, 3.0, 2.0, 2.0, 2.0, 2.0, 2.0, 2.0, 2.0, 2.0, 2.0, 2.0, 2.0, 2.0, 2.0, 2.0, 2.0, 1.0, 2.0, 3.0, 3.0, 3.0, 2.0, 3.0, 2.0, 2.0, 2.0, 2.0, 3.0, 3.0, 3.0, 3.0, 3.0, 4.0, 4.0, 4.0, 3.0, 3.0, 2.0, 2.0, 4.0, 3.0, 3.0, 4.0, 4.0, 4.0, 4.0, 4.0, 4.0, 4.0, 3.0, 4.0, 4.0, 4.0, 4.0, 5.0, 4.0, 4.0, 4.0, 4.0, 4.0, 3.0, 4.0, 3.0, 4.0, 3.0, 4.0, 4.0, 4.0, 4.0, 4.0, 3.0, 3.0, 4.0, 2.0, 2.0, 2.0, 2.0, 2.0, 3.0, 2.0, 1.0, 2.0, 3.0, 2.0, 2.0, 3.0, 2.0, 3.0, 2.0, 4.0, 2.0, 2.0, 2.0, 2.0, 2.0, 2.0, 2.0, 2.0, 2.0, 2.0, 2.0, 2.0, 3.0, 2.0, 2.0, 2.0, 3.0, 2.0, 2.0, 2.0, 3.0, 3.0, 3.0, 2.0, 2.0, 2.0, 2.0, 2.0, 3.0, 2.0, 2.0, 2.0, 3.0, 2.0, 3.0, 3.0, 3.0, 3.0, 3.0, 3.0, 3.0, 3.0, 4.0, 4.0, 2.0, 2.0, 2.0, 2.0, 2.0, 2.0, 2.0, 4.0, 2.0, 2.0, 2.0, 2.0, 2.0, 2.0, 2.0, 2.0, 2.0, 2.0, 3.0, 2.0, 2.0, 2.0, 3.0, 2.0, 3.0, 3.0, 2.0, 2.0, 2.0, 3.0, 2.0, 2.0, 2.0, 2.0, 2.0, 3.0, 2.0, 3.0, 2.0, 2.0, 2.0, 3.0, 2.0, 3.0, 2.0, 3.0, 2.0, 2.0, 2.0, 2.0, 2.0, 2.0, 2.0, 2.0, 2.0, 2.0, 3.0, 2.0, 2.0, 3.0, 3.0, 3.0, 2.0, 3.0, 2.0, 3.0, 2.0, 2.0, 3.0, 2.0, 2.0, 3.0, 2.0, 2.0, 2.0, 2.0, 2.0, 2.0, 2.0, 2.0, 2.0, 2.0, 2.0, 2.0, 2.0, 2.0, 3.0, 2.0, 3.0, 2.0, 2.0, 3.0, 3.0, 2.0, 2.0, 2.0, 2.0, 2.0, 2.0, 2.0, 2.0, 3.0, 2.0, 3.0, 3.0, 2.0, 2.0, 2.0, 2.0, 2.0, 2.0, 2.0, 3.0, 2.0, 2.0, 2.0, 2.0, 2.0, 2.0, 3.0, 2.0, 3.0, 3.0, 3.0, 3.0, 2.0, 3.0, 3.0, 3.0, 3.0, 2.0, 2.0, 2.0, 2.0, 2.0, 2.0, 2.0, 2.0, 2.0, 2.0, 2.0, 2.0, 2.0, 3.0, 2.0, 2.0, 2.0, 2.0, 2.0, 2.0, 2.0, 4.0, 2.0, 3.0, 2.0, 2.0, 2.0, 2.0, 2.0, 2.0, 3.0, 2.0, 3.0, 2.0, 2.0, 2.0, 2.0, 2.0, 3.0, 2.0, 2.0, 3.0, 2.0, 4.0, 2.0, 2.0, 2.0, 2.0, 2.0, 2.0, 2.0, 2.0, 2.0, 2.0, 2.0, 2.0, 2.0, 2.0, 2.0, 2.0, 3.0, 2.0, 2.0, 2.0, 2.0, 2.0, 2.0, 1.0, 2.0, 2.0, 3.0, 2.0, 2.0, 2.0, 2.0, 3.0, 3.0, 2.0, 2.0, 3.0, 2.0, 3.0, 2.0, 2.0, 3.0, 2.0, 2.0, 3.0, 3.0, 3.0, 3.0, 2.0, 2.0, 2.0, 2.0, 3.0, 2.0, 2.0, 2.0, 2.0, 1.0, 2.0, 3.0, 2.0, 2.0, 2.0, 2.0, 2.0, 2.0, 3.0, 3.0, 3.0, 2.0, 3.0, 2.0, 2.0, 2.0, 1.0, 2.0, 3.0, 2.0, 3.0, 2.0, 3.0, 2.0, 2.0, 2.0, 2.0, 2.0, 2.0, 2.0, 2.0, 2.0, 2.0, 2.0, 3.0, 2.0, 2.0, 2.0, 2.0, 2.0, 2.0, 2.0, 2.0, 3.0, 3.0, 3.0, 2.0, 2.0, 3.0, 2.0, 2.0, 2.0, 2.0, 3.0, 3.0, 2.0, 2.0, 3.0, 2.0, 2.0, 2.0, 2.0, 3.0, 3.0, 3.0, 3.0, 3.0, 3.0, 3.0, 3.0, 3.0, 3.0, 2.0, 2.0, 2.0, 2.0,
2.0, 2.0, 2.0, 2.0, 2.0, 3.0, 2.0, 2.0, 2.0, 3.0, 3.0, 3.0, 3.0, 3.0, 3.0, 3.0, 4.0, 3.0, 4.0, 3.0, 4.0, 4.0, 4.0, 4.0, 4.0, 3.0, 4.0, 4.0, 4.0, 2.0, 3.0, 2.0, 2.0, 3.0, 3.0, 4.0, 3.0, 4.0, 4.0, 4.0, 3.0, 2.0, 2.0, 2.0, 2.0, 2.0, 2.0, 2.0, 2.0, 3.0, 3.0, 3.0, 2.0, 3.0, 3.0, 2.0, 3.0, 3.0, 2.0, 2.0, 2.0, 3.0, 2.0, 3.0, 2.0, 3.0, 2.0, 3.0, 3.0, 4.0, 3.0, 3.0, 4.0, 4.0, 4.0, 4.0, 4.0, 4.0, 4.0, 5.0, 4.0, 2.0, 3.0, 2.0, 2.0, 3.0, 3.0, 2.0, 3.0, 3.0, 3.0, 3.0, 3.0, 3.0, 3.0, 2.0, 2.0, 4.0, 3.0, 3.0, 2.0, 2.0, 2.0, 3.0, 2.0, 2.0, 2.0, 2.0, 2.0, 2.0, 2.0, 3.0, 3.0, 2.0, 3.0, 3.0, 2.0, 4.0, 3.0, 4.0, 4.0, 2.0, 3.0, 2.0, 3.0, 2.0, 2.0, 2.0, 2.0, 3.0, 2.0, 2.0, 2.0, 2.0, 2.0, 2.0, 2.0, 3.0, 3.0, 3.0, 2.0, 3.0, 3.0, 2.0, 3.0, 2.0, 2.0, 2.0, 2.0, 3.0, 2.0, 2.0, 1.0, 2.0, 2.0, 2.0, 3.0, 2.0, 2.0, 2.0, 2.0, 2.0, 2.0, 2.0, 2.0, 2.0, 2.0, 3.0, 2.0, 4.0, 3.0, 2.0, 2.0, 2.0, 2.0, 2.0, 2.0, 2.0, 3.0, 2.0, 2.0, 2.0, 2.0, 2.0, 2.0, 2.0, 2.0, 2.0, 2.0, 2.0, 2.0, 3.0, 2.0, 2.0, 2.0, 2.0, 3.0, 2.0, 2.0, 2.0]

arabic_voice MLSTM
[9.0, 8.0, 8.0, 6.0, 6.0, 7.0, 8.0, 8.0, 8.0, 6.0, 7.0, 8.0, 11.0, 9.0, 8.0, 8.0, 9.0, 8.0, 8.0, 9.0, 9.0, 9.0, 7.0, 8.0, 7.0, 8.0, 8.0, 8.0, 8.0, 6.0, 6.0, 7.0, 7.0, 7.0, 9.0, 7.0, 7.0, 7.0, 7.0, 5.0, 5.0, 7.0, 6.0, 8.0, 9.0, 7.0, 6.0, 7.0, 7.0, 6.0, 8.0, 7.0, 9.0, 6.0, 8.0, 8.0, 7.0, 7.0, 9.0, 8.0, 7.0, 6.0, 8.0, 6.0, 8.0, 8.0, 7.0, 8.0, 8.0, 8.0, 8.0, 7.0, 8.0, 8.0, 6.0, 5.0, 6.0, 6.0, 6.0, 7.0, 8.0, 7.0, 5.0, 5.0, 8.0, 8.0, 10.0, 8.0, 8.0, 10.0, 9.0, 9.0, 7.0, 8.0, 8.0, 8.0, 8.0, 7.0, 7.0, 8.0, 8.0, 8.0, 9.0, 7.0, 8.0, 7.0, 8.0, 8.0, 7.0, 7.0, 8.0, 8.0, 7.0, 6.0, 8.0, 7.0, 8.0, 8.0, 10.0, 9.0, 9.0, 9.0, 7.0, 7.0, 7.0, 6.0, 8.0, 7.0, 7.0, 8.0, 8.0, 7.0, 7.0, 8.0, 8.0, 9.0, 8.0, 8.0, 10.0, 9.0, 8.0, 7.0, 9.0, 9.0, 7.0, 8.0, 9.0, 9.0, 9.0, 9.0, 9.0, 7.0, 8.0, 7.0, 8.0, 9.0, 5.0, 8.0, 10.0, 9.0, 6.0, 8.0, 8.0, 6.0, 7.0, 8.0, 8.0, 8.0, 9.0, 9.0, 9.0, 8.0, 8.0, 8.0, 8.0, 7.0, 7.0, 6.0, 7.0, 6.0, 9.0, 8.0, 7.0, 8.0, 7.0, 8.0, 7.0, 7.0, 8.0, 6.0, 6.0, 8.0, 7.0, 8.0, 8.0, 7.0, 6.0, 7.0, 6.0, 8.0, 7.0, 11.0, 8.0, 9.0, 9.0, 9.0, 8.0, 7.0, 7.0, 8.0, 7.0, 8.0, 8.0, 8.0, 9.0, 9.0, 7.0, 7.0, 6.0, 7.0, 9.0, 9.0, 9.0, 8.0, 8.0, 7.0, 8.0, 8.0, 7.0, 6.0, 6.0, 7.0, 9.0, 6.0, 5.0, 7.0, 7.0, 7.0, 9.0, 8.0, 7.0, 8.0, 6.0, 8.0, 7.0, 9.0, 6.0, 6.0, 9.0, 8.0, 8.0, 7.0, 6.0, 5.0, 7.0, 7.0, 5.0, 7.0, 8.0, 7.0, 6.0, 8.0, 6.0, 6.0, 7.0, 8.0, 8.0, 7.0, 8.0, 7.0, 8.0, 8.0, 8.0, 6.0, 8.0, 7.0, 9.0, 8.0, 8.0, 8.0, 7.0, 8.0, 7.0, 7.0, 9.0, 8.0, 6.0, 7.0, 8.0, 8.0, 8.0, 9.0, 8.0, 8.0, 8.0, 6.0, 6.0, 9.0, 9.0, 7.0, 9.0, 9.0, 8.0, 8.0, 9.0, 9.0, 6.0, 7.0, 7.0, 7.0, 9.0, 7.0, 8.0, 7.0, 8.0, 8.0, 9.0, 9.0, 9.0, 9.0, 9.0, 8.0, 8.0, 9.0, 9.0, 9.0, 8.0, 8.0, 7.0, 7.0, 8.0, 7.0, 6.0, 7.0, 8.0, 8.0, 6.0, 7.0, 8.0, 7.0, 8.0, 8.0, 6.0, 7.0, 8.0, 9.0, 8.0, 9.0, 8.0, 8.0, 7.0, 8.0, 7.0, 7.0, 8.0, 7.0, 7.0, 8.0, 7.0, 7.0, 7.0, 8.0, 7.0, 7.0, 8.0, 8.0, 9.0, 7.0, 8.0, 7.0, 8.0, 7.0, 8.0, 9.0, 6.0, 8.0, 9.0, 8.0, 8.0, 8.0, 9.0, 7.0, 7.0, 8.0, 8.0, 5.0, 9.0, 8.0, 7.0, 7.0, 8.0, 8.0, 9.0, 7.0, 9.0, 7.0, 7.0, 8.0, 8.0, 7.0, 7.0, 6.0, 7.0, 7.0, 7.0, 8.0, 7.0, 7.0, 7.0, 8.0, 8.0, 5.0, 8.0, 8.0, 7.0, 7.0, 7.0, 9.0, 8.0, 7.0, 6.0, 7.0, 7.0, 8.0, 7.0, 7.0, 7.0, 8.0, 8.0, 9.0, 9.0, 9.0, 9.0, 9.0, 9.0, 8.0, 9.0, 9.0, 9.0, 9.0, 6.0, 6.0, 7.0, 7.0, 8.0, 9.0, 9.0, 7.0, 7.0, 8.0, 8.0, 8.0, 9.0, 7.0, 6.0, 7.0, 8.0, 6.0, 8.0, 7.0, 8.0, 5.0, 8.0, 8.0, 7.0, 8.0, 7.0, 9.0, 9.0, 8.0, 7.0, 9.0, 7.0, 9.0, 7.0, 9.0, 8.0, 9.0, 9.0, 7.0, 7.0, 8.0, 7.0, 9.0, 9.0, 7.0, 7.0, 8.0, 7.0, 8.0, 7.0, 8.0, 8.0, 9.0, 8.0, 8.0, 8.0, 9.0, 10.0, 9.0, 9.0, 8.0, 5.0, 5.0, 7.0, 8.0, 6.0, 8.0, 8.0, 8.0, 8.0, 8.0, 10.0, 9.0, 8.0, 8.0, 8.0, 8.0, 9.0, 7.0, 9.0, 8.0, 9.0, 8.0, 6.0, 7.0, 7.0, 7.0, 8.0, 6.0, 7.0, 8.0, 9.0, 9.0, 8.0, 7.0, 8.0, 8.0, 7.0, 8.0, 8.0, 8.0, 7.0, 8.0, 7.0, 8.0, 7.0, 8.0, 7.0, 8.0, 8.0, 8.0, 8.0, 8.0, 9.0, 10.0, 9.0, 9.0, 9.0, 9.0, 9.0, 8.0, 8.0, 9.0, 9.0, 9.0, 8.0, 9.0, 9.0, 8.0, 9.0, 8.0, 9.0, 9.0, 10.0, 10.0, 8.0, 8.0, 9.0, 9.0, 9.0, 7.0, 8.0, 8.0, 7.0, 7.0, 8.0, 9.0, 8.0, 8.0, 9.0, 7.0, 8.0, 8.0, 8.0, 9.0, 8.0, 9.0, 7.0, 8.0, 8.0, 9.0, 8.0, 8.0, 9.0, 8.0, 8.0, 8.0, 9.0, 8.0, 9.0, 9.0, 9.0, 8.0, 7.0, 8.0, 9.0, 11.0, 10.0, 9.0, 9.0, 8.0, 10.0, 8.0, 9.0, 7.0, 7.0, 7.0, 8.0, 8.0, 8.0, 10.0, 9.0, 6.0, 9.0, 7.0, 8.0, 9.0, 7.0, 9.0, 6.0, 7.0, 7.0, 8.0, 8.0, 9.0, 9.0, 6.0, 7.0, 6.0, 8.0, 8.0, 7.0, 7.0, 6.0, 8.0, 7.0, 7.0, 8.0, 8.0, 9.0, 8.0, 8.0, 9.0, 7.0, 7.0, 6.0, 7.0, 8.0, 8.0, 9.0, 7.0, 7.0, 9.0, 9.0, 8.0, 7.0, 7.0, 7.0, 9.0, 8.0, 7.0, 7.0, 8.0, 7.0, 8.0, 6.0, 8.0, 8.0, 9.0, 8.0, 8.0, 9.0, 8.0, 8.0, 7.0, 8.0, 7.0, 9.0, 7.0, 8.0, 10.0, 9.0, 9.0, 8.0, 7.0, 9.0, 8.0, 5.0, 9.0, 7.0, 8.0, 7.0, 8.0, 8.0, 7.0, 9.0, 9.0, 7.0, 8.0, 9.0, 10.0, 9.0, 9.0, 9.0, 5.0, 7.0, 7.0, 8.0, 9.0, 9.0, 9.0, 6.0, 7.0, 7.0, 9.0, 9.0, 9.0, 8.0, 8.0, 6.0, 8.0, 8.0, 9.0, 8.0, 9.0, 10.0, 8.0, 8.0, 8.0, 9.0, 7.0, 7.0, 6.0, 7.0, 7.0, 8.0, 9.0, 8.0, 7.0, 8.0, 8.0, 9.0, 9.0, 8.0, 8.0, 9.0, 7.0, 8.0, 7.0, 6.0, 7.0, 7.0, 8.0, 8.0, 7.0, 8.0, 8.0, 7.0, 6.0, 7.0, 7.0, 7.0, 9.0, 8.0, 8.0, 6.0, 7.0, 8.0, 8.0, 7.0, 8.0, 7.0, 7.0, 6.0, 7.0, 6.0, 7.0, 7.0, 7.0, 7.0, 8.0, 6.0, 8.0, 6.0, 6.0, 8.0, 6.0, 6.0, 6.0, 7.0, 9.0, 9.0, 8.0, 7.0, 7.0, 6.0, 7.0, 8.0, 7.0, 7.0, 9.0, 9.0, 7.0, 6.0, 6.0, 8.0, 9.0, 7.0, 8.0, 8.0, 8.0, 8.0, 9.0, 7.0, 8.0, 9.0, 9.0, 8.0, 8.0, 8.0, 8.0, 8.0, 8.0, 8.0, 8.0, 9.0, 7.0, 8.0, 7.0, 9.0, 8.0, 9.0, 10.0, 7.0, 8.0, 8.0, 9.0, 8.0, 9.0, 9.0, 8.0, 8.0, 8.0, 8.0, 9.0, 8.0, 9.0, 8.0, 8.0, 7.0, 9.0, 8.0, 8.0, 9.0, 7.0, 7.0, 7.0, 6.0, 8.0, 8.0, 9.0, 6.0, 6.0, 5.0, 8.0, 6.0, 6.0, 6.0, 7.0, 8.0, 9.0, 8.0, 7.0, 8.0, 7.0, 8.0, 9.0, 8.0, 7.0, 8.0, 7.0, 8.0, 6.0, 7.0, 7.0, 9.0, 9.0, 8.0, 7.0, 8.0, 8.0, 11.0, 8.0, 9.0, 8.0, 7.0, 7.0, 7.0, 6.0, 9.0, 8.0, 9.0, 8.0, 9.0, 6.0, 7.0, 8.0, 9.0, 8.0, 8.0, 7.0, 7.0, 8.0, 8.0, 8.0, 8.0, 7.0, 8.0, 8.0, 7.0, 7.0, 6.0, 7.0, 8.0, 10.0, 7.0, 8.0, 6.0, 7.0, 8.0, 7.0, 7.0, 8.0, 8.0, 8.0, 8.0, 8.0, 8.0, 8.0, 9.0, 8.0, 7.0, 8.0, 8.0, 7.0, 7.0, 7.0, 8.0, 7.0, 7.0, 7.0, 6.0, 8.0, 9.0, 7.0, 7.0, 8.0, 8.0, 8.0, 7.0, 8.0, 8.0, 8.0, 7.0, 8.0, 9.0, 8.0, 8.0, 8.0, 6.0, 7.0, 8.0, 7.0, 8.0, 9.0, 8.0, 7.0, 7.0, 6.0, 8.0, 7.0, 8.0, 8.0, 7.0, 8.0, 8.0, 8.0, 7.0, 7.0, 6.0, 8.0, 8.0, 7.0, 7.0, 6.0, 6.0, 7.0, 8.0, 8.0, 8.0, 7.0, 8.0, 8.0, 8.0, 8.0, 8.0, 7.0, 8.0, 8.0, 8.0, 7.0, 7.0, 8.0, 8.0, 6.0, 7.0, 8.0, 6.0, 8.0, 9.0, 7.0, 7.0, 8.0, 8.0, 8.0, 8.0, 9.0, 9.0, 9.0, 8.0, 7.0, 8.0, 8.0, 7.0, 6.0, 7.0, 8.0, 7.0, 8.0, 8.0, 7.0, 6.0, 8.0, 8.0, 8.0, 7.0, 7.0, 6.0, 7.0, 8.0, 6.0, 8.0, 7.0, 6.0, 8.0, 6.0, 7.0, 9.0, 7.0, 6.0, 7.0, 8.0, 9.0, 6.0, 8.0, 7.0, 7.0, 7.0, 8.0, 7.0, 8.0, 7.0, 8.0, 6.0, 7.0, 6.0, 7.0, 8.0, 9.0, 7.0, 8.0, 8.0, 7.0, 9.0, 8.0, 8.0, 7.0, 6.0, 7.0, 7.0, 6.0, 8.0, 8.0, 7.0, 8.0, 7.0, 7.0, 8.0, 9.0, 8.0, 8.0, 8.0, 8.0, 6.0, 7.0, 8.0, 9.0, 8.0, 7.0, 8.0, 8.0, 8.0, 8.0, 9.0, 8.0, 9.0, 9.0, 9.0, 8.0, 8.0, 5.0, 7.0, 7.0, 8.0, 9.0, 8.0, 9.0, 8.0, 9.0, 9.0, 9.0, 9.0, 9.0, 7.0, 8.0, 8.0, 7.0, 8.0, 8.0, 8.0, 9.0, 8.0, 8.0, 9.0, 8.0, 9.0, 9.0, 7.0, 9.0, 8.0, 8.0, 8.0, 8.0, 8.0, 8.0, 6.0, 7.0, 8.0, 8.0, 8.0, 8.0, 6.0, 7.0, 6.0, 7.0, 7.0, 8.0, 7.0, 7.0, 7.0, 7.0, 6.0, 8.0, 7.0, 7.0, 6.0, 8.0, 6.0, 6.0, 7.0, 7.0, 8.0, 8.0, 7.0, 8.0, 8.0, 8.0, 8.0, 9.0, 9.0, 8.0, 8.0, 8.0, 8.0, 9.0, 9.0, 9.0, 9.0, 9.0, 10.0, 8.0, 8.0, 7.0, 10.0, 9.0, 9.0, 9.0, 9.0, 9.0, 9.0, 8.0, 9.0, 8.0, 9.0, 9.0, 9.0, 9.0, 8.0, 9.0, 9.0, 9.0, 9.0, 9.0, 9.0, 10.0, 10.0, 9.0, 9.0, 9.0, 9.0, 9.0, 9.0, 7.0, 8.0, 8.0, 8.0, 8.0, 7.0, 7.0, 8.0, 7.0, 6.0, 6.0, 6.0, 7.0, 7.0, 7.0, 9.0, 8.0, 7.0, 7.0, 8.0, 8.0, 8.0, 9.0, 9.0, 10.0, 9.0, 9.0, 8.0, 9.0, 7.0, 9.0, 9.0, 9.0, 9.0, 9.0, 8.0, 7.0, 9.0, 9.0, 8.0, 8.0, 9.0, 8.0, 8.0, 9.0, 8.0, 9.0, 9.0, 9.0, 5.0, 7.0, 6.0, 7.0, 7.0, 7.0, 7.0, 7.0, 8.0, 9.0, 7.0, 8.0, 8.0, 5.0, 7.0, 7.0, 7.0, 8.0, 7.0, 9.0, 7.0, 9.0, 6.0, 6.0, 8.0, 8.0, 7.0, 7.0, 7.0, 8.0, 8.0, 8.0, 8.0, 7.0, 6.0, 8.0, 5.0, 7.0, 7.0, 7.0, 7.0, 7.0, 8.0, 9.0, 7.0, 9.0, 8.0, 7.0, 8.0, 8.0, 8.0, 8.0, 7.0, 7.0, 7.0, 8.0, 9.0, 7.0, 8.0, 8.0, 7.0, 6.0, 7.0, 8.0, 9.0, 7.0, 8.0, 8.0, 6.0, 7.0, 8.0, 7.0, 7.0, 8.0, 7.0, 8.0, 6.0, 6.0, 7.0, 8.0, 8.0, 8.0, 9.0, 7.0, 7.0, 7.0, 6.0, 8.0, 7.0, 7.0, 7.0, 7.0, 7.0, 8.0, 8.0, 8.0, 9.0, 8.0, 7.0, 6.0, 7.0, 7.0, 6.0, 7.0, 8.0, 7.0, 7.0, 9.0, 7.0, 8.0, 8.0, 7.0, 7.0, 7.0, 8.0, 8.0, 6.0, 7.0, 8.0, 8.0, 7.0, 8.0, 7.0, 7.0, 8.0, 8.0, 9.0, 7.0, 8.0, 7.0, 7.0, 8.0, 9.0, 9.0, 9.0, 9.0, 5.0, 5.0, 8.0, 9.0, 8.0, 8.0, 8.0, 6.0, 6.0, 8.0, 8.0, 8.0, 8.0, 8.0, 8.0, 9.0, 8.0, 9.0, 9.0, 9.0, 7.0, 8.0, 8.0, 8.0, 7.0, 8.0, 7.0, 7.0, 8.0, 9.0, 8.0, 9.0, 8.0, 9.0, 8.0, 9.0, 9.0, 9.0, 8.0, 8.0, 8.0, 8.0, 9.0, 8.0, 8.0, 6.0, 6.0, 8.0, 7.0, 7.0, 5.0, 7.0, 6.0, 8.0, 7.0, 8.0, 7.0, 8.0, 6.0, 7.0, 8.0, 6.0, 8.0, 7.0, 8.0, 8.0, 8.0, 8.0, 7.0, 8.0, 9.0, 10.0, 7.0, 8.0, 8.0, 8.0, 7.0, 7.0, 8.0, 8.0, 9.0, 7.0, 7.0, 6.0, 8.0, 8.0, 7.0, 6.0, 7.0, 7.0, 6.0, 7.0, 7.0, 7.0, 8.0, 6.0, 7.0, 7.0, 8.0, 7.0, 7.0, 9.0, 9.0, 8.0, 7.0, 6.0, 7.0, 9.0, 9.0, 8.0, 6.0, 6.0, 7.0, 8.0, 8.0, 8.0, 7.0, 6.0, 8.0, 8.0, 8.0, 9.0, 8.0, 6.0, 7.0, 6.0, 7.0, 7.0, 8.0, 8.0, 9.0, 8.0, 9.0, 7.0, 6.0, 8.0, 8.0, 9.0, 9.0, 9.0, 9.0, 8.0, 9.0, 9.0, 7.0, 7.0, 7.0, 7.0, 8.0, 8.0, 7.0, 8.0, 11.0, 8.0, 9.0, 10.0, 9.0, 9.0, 9.0, 9.0, 10.0, 10.0, 9.0, 9.0, 9.0, 9.0, 9.0, 8.0, 10.0, 9.0, 9.0, 9.0, 9.0, 9.0, 10.0, 9.0, 9.0, 9.0, 5.0, 6.0, 6.0, 7.0, 8.0, 8.0, 9.0, 9.0, 9.0, 9.0, 9.0, 9.0, 9.0, 9.0, 8.0, 9.0, 7.0, 8.0, 8.0, 7.0, 7.0, 7.0, 9.0, 8.0, 9.0, 8.0, 7.0, 9.0, 5.0, 8.0, 8.0, 8.0, 9.0, 9.0, 9.0, 9.0, 7.0, 7.0, 8.0, 8.0, 7.0, 6.0, 7.0, 7.0, 6.0, 9.0, 7.0, 7.0, 7.0, 5.0, 6.0, 6.0, 8.0, 7.0, 8.0, 8.0, 6.0, 8.0, 8.0, 5.0, 6.0, 8.0, 8.0, 8.0, 8.0, 8.0, 10.0, 9.0, 9.0, 10.0, 8.0, 8.0, 9.0, 10.0, 8.0, 7.0, 6.0, 6.0, 6.0, 8.0, 8.0, 8.0, 8.0, 8.0, 9.0, 7.0, 7.0, 7.0, 8.0, 6.0, 7.0, 8.0, 7.0, 7.0, 7.0, 7.0, 7.0, 7.0, 7.0, 7.0, 7.0, 5.0, 8.0, 7.0, 8.0, 8.0, 6.0, 7.0, 7.0, 8.0, 8.0, 7.0, 7.0, 8.0, 7.0, 7.0, 7.0, 8.0, 9.0, 8.0, 7.0, 6.0, 6.0, 6.0, 8.0, 9.0, 7.0, 7.0, 9.0, 8.0, 9.0, 8.0, 8.0, 8.0, 7.0, 8.0, 8.0, 8.0, 9.0, 9.0, 7.0, 8.0, 8.0, 8.0, 9.0, 7.0, 7.0, 8.0, 8.0, 9.0, 9.0, 9.0, 9.0, 10.0, 7.0, 8.0, 9.0, 8.0, 8.0, 6.0, 7.0, 8.0, 7.0, 9.0, 9.0, 9.0, 7.0, 7.0, 7.0, 8.0, 8.0, 7.0, 8.0, 8.0, 7.0, 6.0, 6.0, 7.0, 7.0, 7.0, 8.0, 8.0, 7.0, 8.0, 6.0, 7.0, 7.0, 7.0, 8.0, 7.0, 8.0, 8.0, 9.0, 9.0, 9.0, 6.0, 6.0, 9.0, 8.0, 9.0, 8.0, 8.0, 6.0, 8.0, 8.0, 9.0, 8.0, 8.0, 8.0, 7.0, 5.0, 7.0, 7.0, 6.0, 6.0, 6.0, 7.0, 7.0, 8.0, 7.0, 8.0, 6.0, 6.0, 7.0, 6.0, 7.0, 8.0, 6.0, 7.0, 8.0, 7.0, 7.0, 7.0, 8.0, 6.0, 6.0, 8.0, 8.0, 8.0, 9.0, 9.0, 9.0, 10.0, 6.0, 8.0, 7.0, 8.0, 8.0, 8.0, 5.0, 6.0, 8.0, 7.0, 9.0, 9.0, 9.0, 8.0, 9.0, 8.0, 9.0, 8.0, 7.0, 6.0, 6.0, 7.0, 8.0, 7.0, 7.0, 7.0, 6.0, 6.0, 6.0, 7.0, 8.0, 7.0, 7.0, 7.0, 8.0, 7.0, 8.0, 8.0, 8.0, 7.0, 6.0, 7.0, 7.0, 8.0, 9.0, 8.0, 9.0, 9.0, 9.0, 9.0, 9.0, 8.0, 8.0, 9.0, 8.0, 9.0, 10.0, 7.0, 7.0, 7.0, 8.0, 8.0, 10.0, 8.0, 6.0, 7.0, 8.0, 8.0, 8.0, 7.0, 6.0, 8.0, 8.0, 7.0, 7.0, 8.0, 8.0, 7.0, 8.0, 7.0, 7.0, 8.0, 6.0, 6.0, 7.0, 7.0, 7.0, 8.0, 8.0, 8.0, 6.0, 7.0, 8.0, 8.0, 7.0, 7.0, 6.0, 8.0, 8.0, 7.0, 6.0, 7.0, 7.0, 7.0, 7.0, 6.0, 8.0, 9.0, 8.0, 8.0, 9.0, 7.0, 6.0, 8.0, 7.0, 6.0, 7.0, 8.0, 6.0, 7.0, 6.0, 7.0, 7.0, 7.0, 8.0, 8.0, 8.0, 7.0, 7.0, 6.0, 6.0, 6.0,
9.0, 9.0, 8.0, 7.0, 6.0, 6.0, 7.0, 7.0, 6.0, 7.0, 8.0, 8.0, 9.0, 9.0, 9.0, 8.0, 9.0, 9.0, 9.0, 9.0, 8.0, 9.0, 9.0, 8.0, 9.0, 8.0, 9.0, 11.0, 9.0, 9.0, 9.0, 9.0, 10.0, 9.0, 10.0, 10.0, 8.0, 6.0, 6.0, 5.0, 7.0, 7.0, 9.0, 8.0, 8.0, 8.0, 10.0, 8.0, 9.0, 6.0, 7.0, 7.0, 7.0, 6.0, 8.0, 9.0, 6.0, 7.0, 8.0, 7.0, 8.0, 7.0, 8.0, 9.0, 7.0, 7.0, 8.0, 7.0, 8.0, 8.0, 8.0, 8.0, 7.0, 7.0, 6.0, 8.0, 9.0, 8.0, 6.0, 6.0, 8.0, 9.0, 9.0, 9.0, 7.0, 8.0, 7.0, 8.0, 9.0, 8.0, 7.0, 8.0, 8.0, 8.0, 8.0, 8.0, 8.0, 8.0, 9.0, 8.0, 7.0, 8.0, 8.0, 9.0, 9.0, 8.0, 7.0, 8.0, 8.0, 6.0, 8.0, 8.0, 8.0, 7.0, 8.0, 7.0, 8.0, 9.0, 9.0, 10.0, 9.0, 9.0, 9.0, 8.0, 9.0, 9.0, 8.0, 9.0, 9.0, 7.0, 7.0, 7.0, 8.0, 8.0, 8.0, 6.0, 7.0, 8.0, 6.0, 6.0, 8.0, 8.0, 8.0, 7.0, 7.0, 7.0, 6.0, 8.0, 7.0, 8.0, 8.0, 8.0, 7.0, 7.0, 9.0, 8.0, 7.0, 9.0, 7.0, 7.0, 8.0, 8.0, 8.0, 8.0, 10.0, 9.0, 9.0, 9.0, 9.0, 8.0, 9.0, 10.0, 9.0, 8.0, 8.0, 8.0, 8.0, 9.0, 9.0, 10.0, 10.0, 9.0, 9.0, 8.0, 9.0, 5.0, 8.0, 8.0, 9.0, 6.0, 7.0, 8.0, 7.0, 8.0, 7.0, 7.0, 6.0, 8.0, 7.0, 8.0, 7.0, 7.0, 8.0, 8.0, 7.0, 7.0, 8.0, 6.0, 6.0]

arabic_voice MLSTM_attention:
[23.0, 23.0, 24.0, 23.0, 25.0, 23.0, 24.0, 24.0, 25.0, 25.0, 24.0, 23.0, 25.0, 25.0, 24.0, 23.0, 23.0, 25.0, 23.0, 24.0, 22.0, 24.0, 21.0, 23.0, 23.0, 23.0, 25.0, 23.0, 24.0, 22.0, 23.0, 24.0, 23.0, 23.0, 22.0, 24.0, 25.0, 24.0, 25.0, 24.0, 25.0, 22.0, 25.0, 24.0, 24.0, 24.0, 23.0, 23.0, 25.0, 25.0, 25.0, 23.0, 25.0, 23.0, 24.0, 25.0, 24.0, 25.0, 24.0, 23.0, 21.0, 23.0, 24.0, 24.0, 23.0, 23.0, 24.0, 23.0, 23.0, 24.0, 24.0, 24.0, 24.0, 24.0, 23.0, 22.0, 25.0, 23.0, 24.0, 24.0, 24.0, 25.0, 22.0, 22.0, 23.0, 25.0, 23.0, 23.0, 23.0, 24.0, 22.0, 24.0, 22.0, 23.0, 24.0, 23.0, 24.0, 23.0, 25.0, 24.0, 22.0, 24.0, 25.0, 24.0, 24.0, 23.0, 24.0, 24.0, 22.0, 22.0, 25.0, 20.0, 23.0, 24.0, 24.0, 24.0, 24.0, 24.0, 24.0, 24.0, 24.0, 23.0, 25.0, 23.0, 24.0, 24.0, 24.0, 23.0, 24.0, 24.0, 23.0, 22.0, 24.0, 22.0, 25.0, 22.0, 22.0, 24.0, 24.0, 24.0, 23.0, 22.0, 23.0, 25.0, 25.0, 25.0, 24.0, 25.0, 25.0, 24.0, 27.0, 23.0, 25.0, 22.0, 24.0, 23.0, 22.0, 24.0, 24.0, 23.0, 26.0, 24.0, 23.0, 23.0, 25.0, 23.0, 23.0, 23.0, 23.0, 23.0, 23.0, 23.0, 24.0, 24.0, 22.0, 22.0, 24.0, 23.0, 23.0, 24.0, 24.0, 24.0, 23.0, 23.0, 23.0, 22.0, 24.0, 24.0, 24.0, 24.0, 24.0, 23.0, 23.0, 23.0, 23.0, 24.0, 23.0, 23.0, 24.0, 23.0, 24.0, 22.0, 25.0, 22.0, 22.0, 23.0, 23.0, 24.0, 22.0, 22.0, 23.0, 24.0, 24.0, 26.0, 23.0, 23.0, 23.0, 23.0, 24.0, 25.0, 23.0, 23.0, 24.0, 22.0, 24.0, 23.0, 24.0, 24.0, 24.0, 25.0, 24.0, 22.0, 24.0, 24.0, 25.0, 22.0, 25.0, 25.0, 23.0, 25.0, 22.0, 23.0, 24.0, 23.0, 22.0, 25.0, 24.0, 22.0, 24.0, 23.0, 23.0, 22.0, 24.0, 23.0, 23.0, 23.0, 24.0, 23.0, 23.0, 24.0, 23.0, 23.0, 24.0, 24.0, 24.0, 23.0, 23.0, 24.0, 26.0, 23.0, 25.0, 24.0, 23.0, 25.0, 25.0, 24.0, 24.0, 25.0, 21.0, 24.0, 24.0, 23.0, 24.0, 23.0, 24.0, 23.0, 24.0, 24.0, 22.0, 23.0, 23.0, 24.0, 24.0, 23.0, 24.0, 24.0, 24.0, 21.0, 24.0, 25.0, 24.0, 24.0, 24.0, 23.0, 23.0, 23.0, 23.0, 24.0, 23.0, 24.0, 24.0, 24.0, 24.0, 22.0, 25.0, 23.0, 23.0, 22.0, 24.0, 25.0, 24.0, 23.0, 24.0, 24.0, 24.0, 22.0, 23.0, 24.0, 23.0, 23.0, 24.0, 23.0, 25.0, 24.0, 24.0, 25.0, 23.0, 23.0, 23.0, 23.0, 23.0, 23.0, 22.0, 22.0, 24.0, 25.0, 24.0, 24.0, 24.0, 22.0, 24.0, 24.0, 25.0, 23.0, 26.0, 24.0, 23.0, 24.0, 23.0, 23.0, 23.0, 23.0, 21.0, 22.0, 23.0, 23.0, 23.0, 24.0, 24.0, 22.0, 23.0, 21.0, 24.0, 25.0, 23.0, 22.0, 24.0, 23.0, 23.0, 22.0, 25.0, 24.0, 23.0, 22.0, 24.0, 23.0, 24.0, 23.0, 24.0, 24.0, 23.0, 23.0, 24.0, 24.0, 23.0, 26.0, 24.0, 23.0, 23.0, 24.0, 23.0, 24.0, 23.0, 22.0, 24.0, 24.0, 23.0, 21.0, 23.0, 23.0, 23.0, 24.0, 23.0, 23.0, 24.0, 22.0, 22.0, 24.0, 24.0, 23.0, 24.0, 23.0, 24.0, 23.0, 23.0, 23.0, 23.0, 23.0, 24.0, 24.0, 23.0, 24.0, 24.0, 24.0, 27.0, 23.0, 24.0, 24.0, 24.0, 22.0, 23.0, 25.0, 24.0, 24.0, 23.0, 24.0, 25.0, 23.0, 23.0, 22.0, 24.0, 25.0, 24.0, 23.0, 23.0, 24.0, 24.0, 25.0, 23.0, 23.0, 23.0, 22.0, 23.0, 23.0, 24.0, 22.0, 23.0, 23.0, 24.0, 24.0, 23.0, 24.0, 25.0, 24.0, 24.0, 23.0, 23.0, 24.0, 23.0, 24.0, 24.0, 24.0, 24.0, 22.0, 23.0, 24.0, 23.0, 22.0, 23.0, 24.0, 24.0, 24.0, 23.0, 24.0, 24.0, 23.0, 24.0, 24.0, 24.0, 24.0, 24.0, 23.0, 24.0, 24.0, 23.0, 23.0, 23.0, 24.0, 23.0, 23.0, 21.0, 23.0, 21.0, 24.0, 24.0, 22.0, 23.0, 23.0, 23.0, 24.0, 24.0, 23.0, 23.0, 25.0, 24.0, 23.0, 24.0, 24.0, 24.0, 24.0, 24.0, 23.0, 23.0, 25.0, 25.0, 23.0, 23.0, 24.0, 23.0, 23.0, 24.0, 24.0, 23.0, 22.0, 24.0, 25.0, 23.0, 23.0, 23.0, 23.0, 24.0, 23.0, 24.0, 24.0, 24.0, 24.0, 23.0, 23.0, 24.0, 24.0, 25.0, 22.0, 22.0, 22.0, 23.0, 23.0, 24.0, 23.0, 23.0, 23.0, 24.0, 22.0, 24.0, 23.0, 24.0, 24.0, 21.0, 23.0, 24.0, 23.0, 24.0, 24.0, 22.0, 24.0, 24.0, 23.0, 23.0, 24.0, 23.0, 25.0, 24.0, 23.0, 24.0, 23.0, 23.0, 24.0, 24.0, 24.0, 24.0, 22.0, 24.0, 25.0, 21.0, 24.0, 25.0, 23.0, 23.0, 24.0, 25.0, 26.0, 23.0, 23.0, 24.0, 25.0, 25.0, 25.0, 25.0, 23.0, 25.0, 24.0, 24.0, 23.0, 23.0, 23.0, 23.0, 23.0, 22.0, 25.0, 22.0, 23.0, 23.0, 25.0, 23.0, 23.0, 23.0, 23.0, 22.0, 22.0, 23.0, 22.0, 22.0, 23.0, 22.0, 19.0, 22.0, 23.0, 23.0, 23.0, 23.0, 21.0, 22.0, 24.0, 22.0, 24.0, 22.0, 24.0, 22.0, 23.0, 23.0, 24.0, 23.0, 25.0, 21.0, 23.0, 24.0, 24.0, 23.0, 22.0, 24.0, 23.0, 23.0, 24.0, 24.0, 23.0, 23.0, 25.0, 24.0, 24.0, 23.0, 23.0, 23.0, 23.0, 25.0, 24.0, 24.0, 24.0, 22.0, 24.0, 23.0, 24.0, 23.0, 23.0, 22.0, 23.0, 24.0, 22.0, 22.0, 21.0, 23.0, 24.0, 24.0, 24.0, 23.0, 24.0, 24.0, 23.0, 24.0, 24.0, 23.0, 24.0, 22.0, 22.0, 24.0, 24.0, 23.0, 24.0, 24.0, 23.0, 24.0, 24.0, 23.0, 25.0, 22.0, 24.0, 24.0, 22.0, 23.0, 24.0, 21.0, 23.0, 22.0, 23.0, 22.0, 23.0, 24.0, 23.0, 27.0, 24.0, 22.0, 23.0, 22.0, 24.0, 23.0, 23.0, 23.0, 23.0, 24.0, 23.0, 24.0, 23.0, 23.0, 24.0, 23.0, 24.0, 23.0, 23.0, 23.0, 24.0, 23.0, 24.0, 23.0, 24.0, 23.0, 23.0, 23.0, 24.0, 22.0, 24.0, 22.0, 23.0, 23.0, 23.0, 24.0, 22.0, 23.0, 21.0, 22.0, 22.0, 22.0, 24.0, 24.0, 22.0, 25.0, 23.0, 25.0, 25.0, 22.0, 22.0, 25.0, 24.0, 23.0, 23.0, 23.0, 24.0, 23.0, 24.0, 24.0, 22.0, 25.0, 24.0, 23.0, 22.0, 26.0, 23.0, 24.0, 23.0, 23.0, 24.0, 24.0, 23.0, 23.0, 23.0, 24.0, 24.0, 23.0, 23.0, 24.0, 22.0, 22.0, 23.0, 26.0, 24.0, 24.0, 24.0, 22.0, 23.0, 23.0, 24.0, 23.0, 24.0, 25.0, 24.0, 22.0, 25.0, 25.0, 25.0, 21.0, 25.0, 23.0, 24.0, 24.0, 23.0, 22.0, 23.0, 25.0, 21.0, 22.0, 23.0, 23.0, 23.0, 24.0, 23.0, 23.0, 22.0, 23.0, 24.0, 23.0, 23.0, 24.0, 23.0, 22.0, 23.0, 22.0, 23.0, 24.0, 23.0, 24.0, 22.0, 23.0, 24.0, 23.0, 24.0, 24.0, 23.0, 24.0, 22.0, 23.0, 23.0, 24.0, 24.0, 24.0, 23.0, 23.0, 23.0, 24.0, 24.0, 25.0, 23.0, 24.0, 22.0, 22.0, 24.0, 22.0, 24.0, 23.0, 22.0, 24.0, 24.0, 21.0, 24.0, 23.0, 23.0, 22.0, 24.0, 23.0, 24.0, 25.0, 23.0, 24.0, 23.0, 23.0, 25.0, 23.0, 25.0, 24.0, 24.0, 24.0, 23.0, 24.0, 24.0, 23.0, 22.0, 26.0, 23.0, 25.0, 20.0, 23.0, 23.0, 24.0, 23.0, 24.0, 20.0, 24.0, 23.0, 23.0, 22.0, 24.0, 24.0, 23.0, 21.0, 24.0, 24.0, 22.0, 25.0, 23.0, 23.0, 24.0, 24.0, 22.0, 23.0, 23.0, 22.0, 23.0, 23.0, 24.0, 24.0, 21.0, 24.0, 25.0, 22.0, 22.0, 22.0, 25.0, 24.0, 24.0, 24.0, 22.0, 24.0, 24.0, 23.0, 22.0, 23.0, 24.0, 24.0, 24.0, 23.0, 22.0, 22.0, 24.0, 23.0, 23.0, 23.0, 24.0, 24.0, 23.0, 23.0, 24.0, 24.0, 22.0, 23.0, 23.0, 23.0, 23.0, 24.0, 23.0, 24.0, 22.0, 24.0, 23.0, 20.0, 24.0, 23.0, 23.0, 23.0, 23.0, 24.0, 24.0, 22.0, 22.0, 22.0, 23.0, 24.0, 21.0, 24.0, 24.0, 24.0, 24.0, 23.0, 24.0, 23.0, 24.0, 22.0, 23.0, 23.0, 21.0, 25.0, 24.0, 23.0, 23.0, 24.0, 23.0, 25.0, 23.0, 23.0, 22.0, 24.0, 24.0, 23.0, 22.0, 24.0, 25.0, 24.0, 22.0, 22.0, 24.0, 24.0, 23.0, 24.0, 22.0, 24.0, 24.0, 24.0, 24.0, 23.0, 25.0, 23.0, 23.0, 23.0, 25.0, 24.0, 24.0, 23.0, 23.0, 24.0, 24.0, 23.0, 24.0, 23.0, 24.0, 24.0, 22.0, 23.0, 24.0, 25.0, 23.0, 24.0, 24.0, 24.0, 25.0, 24.0, 24.0, 23.0, 23.0, 24.0, 23.0, 22.0, 25.0, 24.0, 23.0, 24.0, 22.0, 22.0, 22.0, 24.0, 23.0, 24.0, 23.0, 22.0, 25.0, 23.0, 24.0, 23.0, 23.0, 22.0, 23.0, 24.0, 24.0, 23.0, 24.0, 24.0, 23.0, 23.0, 25.0, 24.0, 24.0, 23.0, 24.0, 23.0, 23.0, 22.0, 22.0, 24.0, 24.0, 23.0, 23.0, 23.0, 24.0, 24.0, 23.0, 24.0, 25.0, 24.0, 23.0, 24.0, 24.0, 24.0, 23.0, 23.0, 23.0, 25.0, 23.0, 24.0, 23.0, 22.0, 26.0, 24.0, 23.0, 25.0, 25.0, 24.0, 23.0, 22.0, 22.0, 23.0, 22.0, 23.0, 22.0, 24.0, 23.0, 23.0, 24.0, 25.0, 22.0, 24.0, 22.0, 22.0, 22.0, 23.0, 23.0, 25.0, 21.0, 24.0, 23.0, 23.0, 23.0, 24.0, 23.0, 24.0, 24.0, 24.0, 23.0, 24.0, 23.0, 24.0, 22.0, 24.0, 24.0, 23.0, 24.0, 24.0, 23.0, 23.0, 23.0, 24.0, 23.0, 23.0, 22.0, 24.0, 25.0, 23.0, 23.0, 23.0, 24.0, 23.0, 25.0, 25.0, 24.0, 24.0, 24.0, 24.0, 23.0, 23.0, 25.0, 23.0, 23.0, 22.0, 23.0, 24.0, 22.0, 23.0, 23.0, 23.0, 24.0, 25.0, 24.0, 24.0, 23.0, 24.0, 24.0, 23.0, 23.0, 24.0, 24.0, 27.0, 24.0, 24.0, 22.0, 22.0, 23.0, 24.0, 24.0, 23.0, 25.0, 24.0, 24.0, 23.0, 23.0, 24.0, 23.0, 23.0, 23.0, 25.0, 23.0, 23.0, 24.0, 23.0, 23.0, 24.0, 25.0, 25.0, 24.0, 24.0, 23.0, 25.0, 22.0, 23.0, 24.0, 23.0, 23.0, 23.0, 25.0, 23.0, 24.0, 24.0, 23.0, 22.0, 23.0, 24.0, 23.0, 22.0, 22.0, 24.0, 23.0, 24.0, 25.0, 23.0, 23.0, 22.0, 25.0, 24.0, 23.0, 24.0, 23.0, 23.0, 23.0, 23.0, 23.0, 26.0, 25.0, 23.0, 24.0, 23.0, 24.0, 24.0, 23.0, 23.0, 24.0, 23.0, 24.0, 23.0, 24.0, 23.0, 25.0, 22.0, 24.0, 23.0, 24.0, 23.0, 24.0, 24.0, 24.0, 24.0, 21.0, 23.0, 23.0, 23.0, 23.0, 24.0, 24.0, 23.0, 23.0, 23.0, 23.0, 23.0, 24.0, 24.0, 23.0, 25.0, 25.0, 24.0, 23.0, 23.0, 23.0, 23.0, 24.0, 24.0, 24.0, 23.0, 22.0, 22.0, 23.0, 24.0, 23.0, 24.0, 23.0, 24.0, 23.0, 22.0, 25.0, 23.0, 23.0, 26.0, 24.0, 23.0, 23.0, 23.0, 24.0, 25.0, 23.0, 24.0, 23.0, 25.0, 24.0, 21.0, 24.0, 23.0, 24.0, 25.0, 23.0, 23.0, 24.0, 23.0, 24.0, 23.0, 24.0, 25.0, 23.0, 25.0, 23.0, 24.0, 24.0, 23.0, 24.0, 23.0, 23.0, 25.0, 25.0, 24.0, 23.0, 22.0, 24.0, 23.0, 23.0, 24.0, 23.0, 22.0, 23.0, 23.0, 23.0, 24.0, 22.0, 23.0, 22.0, 22.0, 23.0, 23.0, 25.0, 23.0, 23.0, 22.0, 24.0, 22.0, 23.0, 23.0, 22.0, 23.0, 25.0, 24.0, 23.0, 25.0, 25.0, 23.0, 24.0, 23.0, 23.0, 24.0, 24.0, 23.0, 24.0, 24.0, 24.0, 23.0, 23.0, 24.0, 24.0, 22.0, 24.0, 23.0, 22.0, 23.0, 23.0, 25.0, 24.0, 25.0, 23.0, 23.0, 23.0, 24.0, 23.0, 24.0, 24.0, 23.0, 22.0, 24.0, 22.0, 25.0, 25.0, 24.0, 23.0, 24.0, 23.0, 22.0, 23.0, 24.0, 23.0, 24.0, 22.0, 22.0, 21.0, 24.0, 24.0, 23.0, 22.0, 25.0, 22.0, 22.0, 23.0, 22.0, 24.0, 23.0, 23.0, 24.0, 24.0, 24.0, 22.0, 23.0, 24.0, 24.0, 23.0, 25.0, 23.0, 24.0, 24.0, 23.0, 24.0, 24.0, 23.0, 23.0, 23.0, 22.0, 22.0, 23.0, 26.0, 22.0, 22.0, 24.0, 23.0, 23.0, 26.0, 23.0, 25.0, 24.0, 24.0, 23.0, 23.0, 25.0, 24.0, 23.0, 23.0, 25.0, 25.0, 23.0, 24.0, 24.0, 23.0, 26.0, 23.0, 23.0, 23.0, 22.0, 24.0, 23.0, 22.0, 23.0, 22.0, 22.0, 24.0, 22.0, 23.0, 24.0, 24.0, 23.0, 24.0, 25.0, 24.0, 24.0, 24.0, 22.0, 23.0, 22.0, 23.0, 22.0, 24.0, 24.0, 23.0, 22.0, 23.0, 23.0, 23.0, 22.0, 22.0, 24.0, 23.0, 23.0, 23.0, 23.0, 27.0, 22.0, 24.0, 24.0, 25.0, 24.0, 24.0, 22.0, 23.0, 24.0, 23.0, 24.0, 24.0, 24.0, 23.0, 20.0, 23.0, 22.0, 22.0, 22.0, 21.0, 22.0, 24.0, 25.0, 23.0, 24.0, 23.0, 25.0, 24.0, 23.0, 25.0, 23.0, 24.0, 24.0, 24.0, 23.0, 22.0, 24.0, 25.0, 22.0, 21.0, 23.0, 23.0, 23.0, 22.0, 23.0, 25.0, 22.0, 24.0, 24.0, 23.0, 23.0, 23.0, 23.0, 24.0, 23.0, 24.0, 23.0, 23.0, 19.0, 23.0, 24.0, 26.0, 23.0, 23.0, 23.0, 23.0, 24.0, 23.0, 23.0, 23.0, 23.0, 23.0, 22.0, 23.0, 23.0, 23.0, 24.0, 24.0, 22.0, 23.0, 23.0, 22.0, 23.0, 24.0, 24.0, 22.0, 23.0, 21.0, 23.0,
23.0, 24.0, 23.0, 22.0, 23.0, 24.0, 22.0, 20.0, 26.0, 24.0, 24.0, 24.0, 22.0, 23.0, 24.0, 25.0, 23.0, 26.0, 23.0, 23.0, 25.0, 22.0, 24.0, 24.0, 23.0, 25.0, 23.0, 23.0, 25.0, 24.0, 23.0, 24.0, 24.0, 24.0, 24.0, 22.0, 23.0, 23.0, 23.0, 23.0, 24.0, 24.0, 22.0, 23.0, 24.0, 24.0, 23.0, 24.0, 23.0, 23.0, 24.0, 23.0, 24.0, 22.0, 23.0, 25.0, 22.0, 24.0, 23.0, 23.0, 23.0, 24.0, 24.0, 23.0, 23.0, 24.0, 24.0, 23.0, 25.0, 20.0, 22.0, 25.0, 24.0, 23.0, 23.0, 25.0, 24.0, 24.0, 23.0, 23.0, 23.0, 23.0, 24.0, 25.0, 24.0, 24.0, 23.0, 24.0, 24.0, 24.0, 23.0, 23.0, 23.0, 24.0, 23.0, 23.0, 25.0, 24.0, 23.0, 24.0, 25.0, 22.0, 22.0, 23.0, 24.0, 23.0, 23.0, 23.0, 24.0, 24.0, 23.0, 24.0, 24.0, 20.0, 23.0, 24.0, 23.0, 24.0, 23.0, 24.0, 23.0, 23.0, 23.0, 23.0, 22.0, 24.0, 23.0, 22.0, 24.0, 24.0, 24.0, 24.0, 24.0, 23.0, 24.0, 24.0, 24.0, 24.0, 24.0, 25.0, 23.0, 25.0, 24.0, 23.0, 23.0, 22.0, 22.0, 23.0, 26.0, 23.0, 24.0, 23.0, 22.0, 24.0, 24.0, 23.0, 23.0, 23.0, 24.0, 24.0, 23.0, 24.0, 23.0, 25.0, 24.0, 22.0, 25.0, 24.0, 22.0, 23.0, 23.0, 23.0, 24.0, 24.0, 23.0, 23.0, 23.0, 23.0, 23.0, 23.0, 23.0, 25.0, 23.0, 24.0, 23.0, 23.0, 23.0, 24.0, 24.0, 23.0, 24.0, 23.0, 25.0, 23.0, 24.0, 23.0, 24.0, 22.0, 24.0, 27.0, 23.0, 24.0, 25.0, 23.0, 25.0, 25.0, 25.0, 23.0, 23.0, 24.0, 21.0, 22.0, 23.0, 23.0, 23.0, 23.0, 24.0, 22.0, 23.0, 25.0, 23.0, 24.0, 24.0, 22.0, 25.0, 24.0, 24.0, 24.0, 24.0, 22.0, 23.0, 23.0, 22.0, 24.0, 25.0, 23.0, 23.0, 22.0, 25.0, 24.0, 24.0, 25.0, 24.0, 23.0, 22.0, 23.0, 22.0, 23.0, 24.0, 24.0, 24.0, 24.0, 25.0, 24.0, 24.0, 23.0, 25.0, 23.0, 24.0, 22.0, 23.0, 23.0, 23.0, 24.0, 22.0, 24.0, 24.0, 23.0, 23.0, 25.0, 23.0, 24.0, 23.0, 23.0, 23.0, 24.0, 24.0, 23.0, 23.0, 23.0, 24.0, 23.0, 23.0, 24.0, 22.0, 24.0, 24.0, 23.0, 24.0, 20.0, 23.0, 23.0, 23.0, 23.0, 24.0, 21.0, 24.0, 23.0, 24.0, 23.0, 22.0, 24.0, 22.0, 23.0, 24.0, 23.0, 24.0, 23.0, 23.0, 24.0, 23.0, 24.0, 24.0, 23.0, 23.0, 22.0, 24.0, 24.0, 24.0, 24.0, 23.0, 23.0, 24.0, 23.0, 24.0, 21.0, 22.0, 24.0, 24.0, 23.0, 24.0, 24.0, 24.0, 22.0, 25.0, 23.0, 23.0, 23.0, 23.0, 24.0, 24.0, 23.0, 24.0, 24.0, 22.0, 25.0, 24.0, 24.0, 23.0, 25.0, 24.0, 23.0, 23.0, 23.0, 24.0, 24.0, 21.0, 25.0, 23.0, 22.0, 23.0, 25.0, 24.0, 24.0, 24.0, 23.0, 24.0, 24.0, 25.0, 24.0, 24.0, 23.0, 23.0, 24.0, 23.0, 25.0, 24.0, 22.0, 23.0, 23.0, 24.0, 24.0, 24.0, 23.0, 23.0, 23.0, 23.0, 23.0, 23.0, 24.0, 21.0, 23.0, 23.0, 23.0, 23.0, 24.0, 23.0, 23.0, 25.0, 23.0, 23.0, 24.0, 24.0, 25.0, 24.0, 23.0, 23.0, 23.0, 25.0, 24.0, 23.0, 25.0, 22.0, 24.0, 23.0, 24.0, 23.0, 23.0, 22.0, 24.0, 24.0, 24.0, 23.0, 24.0, 25.0, 24.0, 23.0, 24.0, 24.0, 25.0, 23.0, 24.0, 21.0, 24.0, 23.0, 24.0, 24.0, 24.0, 24.0, 22.0, 23.0, 24.0, 24.0, 24.0, 23.0, 23.0, 22.0, 23.0, 24.0, 25.0, 24.0, 24.0, 23.0, 23.0, 24.0, 23.0, 24.0, 23.0, 24.0, 23.0, 22.0, 22.0, 23.0, 23.0, 22.0, 24.0, 24.0, 23.0, 25.0, 24.0, 24.0, 24.0, 24.0, 24.0, 23.0, 23.0, 21.0, 21.0, 23.0, 23.0, 23.0, 22.0, 25.0, 24.0, 21.0, 23.0, 25.0, 24.0, 23.0, 23.0, 23.0, 24.0, 24.0, 24.0, 21.0, 24.0, 23.0, 24.0, 25.0, 22.0, 23.0, 22.0, 22.0, 23.0, 23.0, 23.0, 22.0, 24.0, 23.0, 24.0, 23.0, 24.0, 23.0, 23.0, 24.0, 24.0, 23.0, 24.0, 22.0, 23.0, 22.0, 24.0, 22.0, 24.0, 22.0, 24.0, 24.0, 22.0, 24.0, 22.0, 22.0, 24.0, 25.0, 23.0]

HAR FCN:
[4.0, 2.0, 2.0, 4.0, 2.0, 2.0, 2.0, 3.0, 3.0, 3.0, 2.0, 3.0, 2.0, 3.0, 3.0, 2.0, 3.0, 2.0, 3.0, 2.0, 2.0, 3.0, 2.0, 2.0, 3.0, 2.0, 3.0, 2.0, 3.0, 3.0, 2.0, 2.0, 2.0, 2.0, 2.0, 2.0, 3.0, 3.0, 3.0, 3.0, 3.0, 5.0, 4.0, 4.0, 4.0, 2.0, 2.0, 2.0, 2.0, 3.0, 2.0, 3.0, 4.0, 3.0, 4.0, 4.0, 2.0, 3.0, 3.0, 2.0, 3.0, 2.0, 2.0, 2.0, 2.0, 2.0, 2.0, 2.0, 2.0, 2.0, 2.0, 2.0, 2.0, 2.0, 2.0, 2.0, 2.0, 4.0, 2.0, 2.0, 2.0, 3.0, 2.0, 3.0, 2.0, 2.0, 3.0, 2.0, 2.0, 2.0, 2.0, 2.0, 2.0, 2.0, 2.0, 2.0, 2.0, 3.0, 2.0, 2.0, 2.0, 2.0, 2.0, 2.0, 2.0, 2.0, 2.0, 2.0, 2.0, 2.0, 2.0, 2.0, 3.0, 2.0, 2.0, 2.0, 3.0, 2.0, 2.0, 2.0, 2.0, 2.0, 2.0, 2.0, 2.0, 3.0, 2.0, 2.0, 2.0, 2.0, 2.0, 2.0, 2.0, 2.0, 2.0, 2.0, 2.0, 2.0, 3.0, 2.0, 2.0, 2.0, 2.0, 3.0, 3.0, 2.0, 2.0, 2.0, 2.0, 2.0, 2.0, 3.0, 2.0, 2.0, 2.0, 3.0, 3.0, 3.0, 2.0, 3.0, 2.0, 2.0, 2.0, 2.0, 2.0, 3.0, 2.0, 2.0, 2.0, 2.0, 2.0, 2.0, 2.0, 2.0, 3.0, 2.0, 2.0, 2.0, 2.0, 2.0, 2.0, 2.0, 2.0, 2.0, 2.0, 2.0, 2.0, 3.0, 2.0, 4.0, 3.0, 5.0, 4.0, 2.0, 2.0, 2.0, 2.0, 2.0, 2.0, 2.0, 2.0, 3.0, 3.0, 4.0, 2.0, 2.0, 2.0, 2.0, 3.0, 3.0, 2.0, 2.0, 2.0, 3.0, 3.0, 3.0, 2.0, 2.0, 2.0, 2.0, 2.0, 2.0, 2.0, 3.0, 2.0, 2.0, 2.0, 2.0, 2.0, 2.0, 2.0, 2.0, 3.0, 2.0, 2.0, 2.0, 2.0, 2.0, 2.0, 2.0, 2.0, 2.0, 2.0, 2.0, 2.0, 2.0, 2.0, 2.0, 2.0, 2.0, 2.0, 3.0, 2.0, 2.0, 2.0, 2.0, 2.0, 2.0, 2.0, 2.0, 2.0, 2.0, 2.0, 2.0, 3.0, 2.0, 2.0, 2.0, 2.0, 3.0, 2.0, 2.0, 2.0, 3.0, 2.0, 2.0, 3.0, 2.0, 2.0, 2.0, 2.0, 2.0, 2.0, 3.0, 2.0, 2.0, 2.0, 2.0, 2.0, 2.0, 2.0, 3.0, 2.0, 2.0, 2.0, 2.0, 2.0, 2.0, 3.0, 2.0, 2.0, 2.0, 2.0, 2.0, 2.0, 4.0, 2.0, 2.0, 2.0, 2.0, 3.0, 2.0, 2.0, 2.0, 2.0, 2.0, 2.0, 2.0, 2.0, 2.0, 2.0, 2.0, 3.0, 3.0, 2.0, 2.0, 3.0, 2.0, 2.0, 2.0, 2.0, 2.0, 2.0, 3.0, 3.0, 3.0, 3.0, 3.0, 3.0, 3.0, 4.0, 4.0, 4.0, 2.0, 2.0, 2.0, 2.0, 3.0, 4.0, 3.0, 4.0, 3.0, 4.0, 4.0, 5.0, 2.0, 2.0, 2.0, 2.0, 2.0, 2.0, 2.0, 3.0, 2.0, 2.0, 2.0, 2.0, 2.0, 2.0, 2.0, 3.0, 3.0, 2.0, 2.0, 2.0, 2.0, 2.0, 2.0, 3.0, 3.0, 3.0, 2.0, 2.0, 2.0, 2.0, 2.0, 2.0, 2.0, 2.0, 2.0, 3.0, 2.0, 2.0, 2.0, 2.0, 2.0, 3.0, 2.0, 3.0, 3.0, 3.0, 2.0, 2.0, 2.0, 3.0, 3.0, 2.0, 2.0, 2.0, 3.0, 2.0, 2.0, 3.0, 2.0, 2.0, 3.0, 2.0, 2.0, 2.0, 2.0, 2.0, 2.0, 2.0, 3.0, 2.0, 3.0, 3.0, 3.0, 2.0, 2.0, 2.0, 2.0, 2.0, 2.0, 2.0, 3.0, 2.0, 2.0, 2.0, 2.0, 2.0, 2.0, 2.0, 2.0, 2.0, 3.0, 2.0, 2.0, 2.0, 3.0, 2.0, 2.0, 2.0, 2.0, 2.0, 2.0, 2.0, 2.0, 3.0, 3.0, 2.0, 2.0, 3.0, 2.0, 2.0, 2.0, 2.0, 2.0, 2.0, 2.0, 2.0, 2.0, 2.0, 2.0, 2.0, 2.0, 2.0, 2.0, 2.0, 2.0, 2.0, 2.0, 3.0, 2.0, 2.0, 2.0, 3.0, 3.0, 2.0, 2.0, 3.0, 2.0, 2.0, 2.0, 2.0, 2.0, 2.0, 2.0, 2.0, 2.0, 2.0, 2.0, 2.0, 2.0, 3.0, 2.0, 2.0, 2.0, 3.0, 2.0, 2.0, 3.0, 3.0, 3.0, 3.0, 3.0, 4.0, 4.0, 4.0, 4.0, 4.0, 3.0, 2.0, 3.0, 2.0, 2.0, 2.0, 2.0, 2.0, 2.0, 3.0, 2.0, 3.0, 2.0, 2.0, 3.0, 2.0, 3.0, 2.0, 2.0, 2.0, 3.0, 2.0, 3.0, 2.0, 2.0, 2.0, 2.0, 3.0, 2.0, 2.0, 2.0, 2.0, 2.0, 2.0, 2.0, 3.0, 2.0, 2.0, 3.0, 2.0, 2.0, 2.0, 2.0, 2.0, 2.0, 2.0, 3.0, 2.0, 2.0, 2.0, 2.0, 2.0, 2.0, 2.0, 2.0, 3.0, 2.0, 2.0, 3.0, 2.0, 2.0, 2.0, 2.0, 2.0, 2.0, 2.0, 2.0, 2.0, 2.0, 2.0, 2.0, 2.0, 3.0, 2.0, 2.0, 2.0, 2.0, 2.0, 2.0, 2.0, 2.0, 3.0, 3.0, 3.0, 4.0, 3.0, 4.0, 4.0, 2.0, 2.0, 2.0, 2.0, 2.0, 2.0, 3.0, 2.0, 2.0, 2.0, 3.0, 2.0, 3.0, 3.0, 2.0, 3.0, 2.0, 2.0, 3.0, 2.0, 2.0, 2.0, 3.0, 2.0, 2.0, 2.0, 3.0, 2.0, 2.0, 2.0, 2.0, 2.0, 2.0, 2.0, 2.0, 3.0, 2.0, 2.0, 3.0, 2.0, 4.0, 3.0, 4.0, 4.0, 2.0, 2.0, 2.0, 2.0, 3.0, 3.0, 3.0, 2.0, 3.0, 4.0, 3.0, 4.0, 4.0, 5.0, 2.0, 3.0, 2.0, 3.0, 2.0, 2.0, 2.0, 2.0, 2.0, 2.0, 2.0, 2.0, 2.0, 2.0, 3.0, 2.0, 3.0, 2.0, 2.0, 2.0, 3.0, 2.0, 2.0, 3.0, 2.0, 2.0, 2.0, 2.0, 2.0, 2.0, 3.0, 2.0, 2.0, 2.0, 2.0, 2.0, 3.0, 3.0, 2.0, 2.0, 2.0, 3.0, 3.0, 3.0, 2.0, 2.0, 2.0, 3.0, 2.0, 2.0, 2.0, 2.0, 2.0, 2.0, 2.0, 2.0, 3.0, 2.0, 3.0, 2.0, 2.0, 3.0, 2.0, 3.0, 3.0, 2.0, 2.0, 2.0, 2.0, 2.0, 3.0, 2.0, 3.0, 3.0, 2.0, 2.0, 3.0, 3.0, 3.0, 3.0, 6.0, 2.0, 2.0, 3.0, 2.0, 2.0, 2.0, 3.0, 2.0, 2.0, 2.0, 2.0, 2.0, 2.0, 2.0, 2.0, 3.0, 2.0, 2.0, 2.0, 3.0, 3.0, 2.0, 2.0, 2.0, 2.0, 2.0, 2.0, 2.0, 2.0, 2.0, 2.0, 2.0, 2.0, 2.0, 2.0, 2.0, 3.0, 3.0, 2.0, 2.0, 2.0, 2.0, 3.0, 2.0, 2.0, 2.0, 2.0, 3.0, 3.0, 3.0, 3.0, 2.0, 2.0, 2.0, 3.0, 3.0, 2.0, 3.0, 4.0, 4.0, 4.0, 5.0, 5.0, 5.0, 2.0, 3.0, 3.0, 2.0, 2.0, 2.0, 2.0, 2.0, 2.0, 2.0, 2.0, 2.0, 2.0, 2.0, 2.0, 3.0, 2.0, 2.0, 2.0, 2.0, 2.0, 2.0, 2.0, 2.0, 2.0, 2.0, 2.0, 2.0, 2.0, 3.0, 2.0, 2.0, 2.0, 2.0, 2.0, 2.0, 3.0, 2.0, 2.0, 2.0, 2.0, 2.0, 2.0, 3.0, 2.0, 2.0, 3.0, 3.0, 2.0, 3.0, 2.0, 2.0, 2.0, 2.0, 3.0, 2.0, 3.0, 2.0, 3.0, 2.0, 2.0, 3.0, 3.0, 2.0, 2.0, 3.0, 3.0, 3.0, 2.0, 3.0, 3.0, 3.0, 3.0, 3.0, 4.0, 4.0, 3.0, 4.0, 4.0, 7.0, 4.0, 4.0, 4.0, 4.0, 4.0, 4.0, 5.0, 5.0, 4.0, 2.0, 3.0, 2.0, 2.0, 3.0, 3.0, 3.0, 2.0, 2.0, 3.0, 3.0, 2.0, 2.0, 3.0, 2.0, 3.0, 2.0, 2.0, 2.0, 2.0, 2.0, 2.0, 2.0, 2.0, 3.0, 3.0, 2.0, 2.0, 3.0, 3.0, 2.0, 2.0, 2.0, 2.0, 2.0, 2.0, 2.0, 3.0, 2.0, 2.0, 3.0, 2.0, 3.0, 2.0, 2.0, 2.0, 3.0, 2.0, 2.0, 3.0, 3.0, 5.0, 5.0, 5.0, 2.0, 2.0, 2.0, 2.0, 2.0, 2.0, 3.0, 2.0, 2.0, 3.0, 2.0, 2.0, 2.0, 2.0, 2.0, 2.0, 2.0, 2.0, 2.0, 2.0, 2.0, 3.0, 3.0, 3.0, 2.0, 2.0, 2.0, 2.0, 2.0, 2.0, 2.0, 2.0, 2.0, 2.0, 3.0, 3.0, 3.0, 3.0, 2.0, 2.0, 2.0, 2.0, 3.0, 2.0, 2.0, 2.0, 3.0, 2.0, 2.0, 2.0, 2.0, 2.0, 3.0, 3.0, 2.0, 2.0, 2.0, 2.0, 2.0, 2.0, 3.0, 3.0, 2.0, 2.0, 3.0, 2.0, 2.0, 2.0, 2.0, 2.0, 2.0, 2.0, 2.0, 2.0, 2.0, 3.0, 2.0, 2.0, 2.0, 2.0, 2.0, 2.0, 2.0, 3.0, 3.0, 2.0, 2.0, 2.0, 3.0, 2.0, 2.0, 2.0, 3.0, 4.0, 3.0, 2.0, 3.0, 2.0, 2.0, 2.0, 2.0, 2.0, 2.0, 2.0, 2.0, 4.0, 2.0, 3.0, 2.0, 3.0, 2.0, 2.0, 2.0, 2.0, 2.0, 2.0, 2.0, 3.0, 2.0, 3.0, 2.0, 2.0, 3.0, 2.0, 3.0, 3.0, 4.0, 4.0, 4.0, 4.0, 5.0, 5.0, 5.0, 5.0, 4.0, 5.0, 4.0, 4.0, 2.0, 2.0, 2.0, 3.0, 3.0, 2.0, 3.0, 3.0, 4.0, 4.0, 4.0, 4.0, 5.0, 5.0, 5.0, 5.0, 4.0, 4.0, 3.0, 4.0, 4.0, 4.0, 5.0, 4.0, 4.0, 5.0, 5.0, 4.0, 5.0, 5.0, 4.0, 4.0, 4.0, 4.0, 5.0, 4.0, 5.0, 4.0, 5.0, 5.0, 2.0, 2.0, 2.0, 2.0, 2.0, 2.0, 2.0, 2.0, 2.0, 2.0, 2.0, 2.0, 2.0, 2.0, 3.0, 2.0, 2.0, 3.0, 2.0, 2.0, 2.0, 2.0, 2.0, 2.0, 2.0, 2.0, 2.0, 2.0, 2.0, 2.0, 2.0, 2.0, 2.0, 2.0, 2.0, 3.0, 2.0, 2.0, 2.0, 3.0, 2.0, 2.0, 3.0, 3.0, 2.0, 2.0, 2.0, 2.0, 2.0, 3.0, 2.0, 3.0, 3.0, 4.0, 3.0, 4.0, 4.0, 6.0, 5.0, 4.0, 7.0, 5.0, 5.0, 6.0, 5.0, 5.0, 4.0, 5.0, 5.0, 2.0, 2.0, 2.0, 2.0, 2.0, 3.0, 3.0, 2.0, 2.0, 2.0, 3.0, 2.0, 2.0, 2.0, 2.0, 2.0, 2.0, 2.0, 2.0, 3.0, 3.0, 3.0, 2.0, 3.0, 2.0, 2.0, 2.0, 2.0, 2.0, 2.0, 3.0, 3.0, 3.0, 3.0, 4.0, 3.0, 4.0, 4.0, 5.0, 2.0, 2.0, 3.0, 2.0, 2.0, 2.0, 3.0, 3.0, 3.0, 4.0, 4.0, 4.0, 4.0, 5.0, 4.0, 5.0, 2.0, 2.0, 2.0, 2.0, 3.0, 2.0, 2.0, 3.0, 2.0, 2.0, 3.0, 2.0, 2.0, 4.0, 2.0, 2.0, 2.0, 2.0, 3.0, 3.0, 2.0, 2.0, 2.0, 2.0, 2.0, 2.0, 2.0, 3.0, 2.0, 2.0, 2.0, 2.0, 2.0, 2.0, 2.0, 2.0, 2.0, 2.0, 2.0, 2.0, 2.0, 2.0, 2.0, 2.0, 2.0, 2.0, 2.0, 2.0, 2.0, 2.0, 2.0, 2.0, 2.0, 2.0, 2.0, 2.0, 2.0, 2.0, 3.0, 2.0, 2.0, 2.0, 2.0, 2.0, 2.0, 2.0, 2.0, 2.0, 2.0, 3.0, 2.0, 2.0, 2.0, 3.0, 2.0, 2.0, 2.0, 2.0, 2.0, 2.0, 2.0, 2.0, 2.0, 3.0, 3.0, 3.0, 3.0, 2.0, 2.0, 2.0, 2.0, 2.0, 2.0, 2.0, 2.0, 2.0, 3.0, 3.0, 2.0, 2.0, 2.0, 2.0, 2.0, 2.0, 3.0, 2.0, 2.0, 2.0, 2.0, 3.0, 2.0, 2.0, 2.0, 2.0, 3.0, 2.0, 2.0, 2.0, 2.0, 2.0, 2.0, 2.0, 2.0, 2.0, 2.0, 2.0, 2.0, 2.0, 2.0, 3.0, 2.0, 2.0, 2.0, 2.0, 2.0, 2.0, 2.0, 2.0, 2.0, 3.0, 2.0, 2.0, 2.0, 2.0, 3.0, 3.0, 3.0, 3.0, 3.0, 4.0, 4.0, 3.0, 5.0, 6.0, 5.0, 4.0, 3.0, 4.0, 4.0, 4.0, 4.0, 5.0, 4.0, 2.0, 2.0, 2.0, 3.0, 2.0, 2.0, 2.0, 3.0, 2.0, 2.0, 2.0, 3.0, 3.0, 2.0, 4.0, 2.0, 2.0, 2.0, 2.0, 2.0, 2.0, 2.0, 3.0, 2.0, 2.0, 2.0, 2.0, 3.0, 2.0, 2.0, 2.0, 2.0, 2.0, 2.0, 3.0, 2.0, 3.0, 2.0, 2.0, 2.0, 2.0, 3.0, 3.0, 2.0, 2.0, 2.0, 2.0, 3.0, 2.0, 2.0, 2.0, 2.0, 2.0, 2.0, 3.0, 2.0, 2.0, 2.0, 2.0, 2.0, 3.0, 3.0, 2.0, 2.0, 2.0, 2.0, 3.0, 2.0, 3.0, 3.0, 2.0, 2.0, 2.0, 2.0, 2.0, 2.0, 2.0, 3.0, 2.0, 2.0, 2.0, 2.0, 2.0, 2.0, 2.0, 2.0, 3.0, 3.0, 2.0, 3.0, 3.0, 3.0, 2.0, 2.0, 2.0, 3.0, 3.0, 3.0, 3.0, 4.0, 3.0, 4.0, 2.0, 2.0, 2.0, 2.0, 2.0, 3.0, 2.0, 2.0, 3.0, 3.0, 2.0, 2.0, 2.0, 2.0, 3.0, 2.0, 2.0, 2.0, 2.0, 2.0, 2.0, 2.0, 2.0, 2.0, 2.0, 3.0, 2.0, 2.0, 2.0, 2.0, 2.0, 2.0, 2.0, 3.0, 3.0, 3.0, 3.0, 4.0, 4.0, 3.0, 3.0, 3.0, 4.0, 4.0, 4.0, 4.0, 4.0, 4.0, 4.0, 4.0, 5.0, 2.0, 2.0, 4.0, 2.0, 2.0, 2.0, 2.0, 2.0, 2.0, 2.0, 2.0, 2.0, 2.0, 2.0, 2.0, 2.0, 2.0, 2.0, 2.0, 2.0, 2.0, 3.0, 2.0, 3.0, 2.0, 2.0, 2.0, 3.0, 2.0, 2.0, 2.0, 2.0, 2.0, 3.0, 2.0, 2.0, 2.0, 2.0, 2.0, 2.0, 2.0, 2.0, 3.0, 2.0, 2.0, 2.0, 2.0, 2.0, 2.0, 2.0, 3.0, 2.0, 2.0, 3.0, 2.0, 2.0, 3.0, 2.0, 2.0, 2.0, 2.0, 2.0, 2.0, 2.0, 2.0, 2.0, 2.0, 2.0, 2.0, 3.0, 2.0, 2.0, 2.0, 2.0, 3.0, 3.0, 2.0, 2.0, 2.0, 2.0, 2.0, 2.0, 3.0, 2.0, 3.0, 2.0, 2.0, 2.0, 2.0, 2.0, 3.0, 2.0, 2.0, 3.0, 2.0, 2.0, 2.0, 2.0, 2.0, 2.0, 2.0, 2.0, 2.0, 2.0, 2.0, 2.0, 2.0, 2.0, 2.0, 2.0, 2.0, 2.0, 2.0, 2.0, 2.0, 2.0, 2.0, 4.0, 3.0, 2.0, 3.0, 2.0, 3.0, 2.0, 2.0, 2.0, 2.0, 2.0, 2.0, 2.0, 2.0, 2.0, 2.0, 2.0, 2.0, 2.0, 2.0, 3.0, 2.0, 2.0, 2.0, 2.0, 2.0, 2.0, 2.0, 2.0, 2.0, 2.0, 2.0, 2.0, 2.0, 2.0, 2.0, 3.0, 2.0, 3.0, 3.0, 4.0, 4.0, 4.0, 3.0, 4.0, 4.0, 4.0, 4.0, 4.0, 4.0, 4.0, 4.0, 4.0, 6.0, 4.0, 4.0, 4.0, 5.0, 4.0, 2.0, 2.0, 2.0, 2.0, 2.0, 2.0, 2.0, 2.0, 2.0, 2.0, 3.0, 2.0, 3.0, 2.0, 2.0, 2.0, 2.0, 2.0, 2.0, 2.0, 3.0, 2.0, 2.0, 2.0, 2.0, 2.0, 2.0, 2.0, 2.0, 3.0, 2.0, 2.0, 2.0, 2.0, 2.0, 2.0, 2.0, 2.0, 2.0, 2.0, 2.0, 2.0, 2.0, 2.0, 2.0, 2.0, 3.0, 2.0, 2.0, 3.0, 2.0, 2.0, 3.0, 2.0, 2.0, 2.0, 2.0, 2.0, 2.0, 3.0, 3.0, 2.0, 2.0, 2.0, 2.0, 2.0, 3.0, 2.0, 3.0, 2.0, 3.0, 2.0, 3.0, 2.0, 2.0, 2.0, 2.0, 2.0, 2.0, 2.0, 2.0, 3.0, 2.0, 2.0, 2.0, 2.0, 2.0, 2.0, 2.0, 2.0, 2.0, 2.0, 2.0, 2.0, 3.0, 2.0, 3.0, 2.0, 3.0, 3.0, 2.0, 3.0, 2.0, 2.0, 3.0, 2.0, 2.0, 3.0, 2.0, 2.0, 2.0, 2.0, 2.0, 2.0, 2.0, 3.0, 2.0, 2.0, 3.0, 2.0, 2.0, 2.0, 2.0, 2.0, 3.0, 2.0, 3.0, 2.0, 3.0, 2.0, 2.0, 2.0, 2.0, 2.0, 2.0, 2.0, 2.0, 2.0, 2.0, 2.0, 2.0, 2.0, 2.0, 2.0, 2.0, 4.0, 3.0, 4.0, 6.0, 4.0, 4.0, 4.0, 4.0, 4.0, 4.0, 4.0, 5.0, 5.0, 6.0, 4.0, 4.0, 4.0, 5.0, 4.0, 5.0, 4.0, 4.0, 5.0, 4.0, 4.0, 2.0, 2.0, 2.0, 2.0, 2.0, 3.0, 3.0, 2.0, 3.0, 3.0, 2.0, 2.0, 2.0, 2.0, 2.0, 2.0, 2.0, 2.0, 2.0, 2.0, 2.0, 2.0, 3.0, 3.0, 2.0, 2.0, 2.0, 2.0, 2.0, 2.0, 2.0, 2.0, 3.0, 2.0, 2.0, 3.0, 3.0, 3.0, 2.0, 2.0, 2.0, 2.0, 3.0, 2.0, 2.0, 2.0, 3.0, 2.0, 3.0, 2.0, 3.0, 3.0, 2.0, 3.0, 2.0, 2.0, 2.0, 2.0, 2.0, 2.0, 3.0, 2.0, 3.0, 3.0, 2.0, 3.0, 2.0, 2.0, 2.0, 2.0, 2.0, 2.0, 2.0, 2.0, 2.0, 2.0, 2.0, 2.0, 2.0, 3.0, 2.0,
 2.0, 2.0, 3.0, 2.0, 2.0, 2.0, 2.0, 2.0, 2.0, 2.0, 2.0, 2.0, 2.0, 2.0, 2.0, 2.0, 3.0, 2.0, 2.0, 2.0, 2.0, 2.0, 3.0, 2.0, 2.0, 3.0, 2.0, 2.0, 2.0, 2.0, 3.0, 2.0, 2.0, 2.0, 2.0, 2.0, 2.0, 2.0, 2.0, 2.0, 2.0, 2.0, 2.0, 3.0, 2.0, 2.0, 3.0, 3.0, 2.0, 2.0, 2.0, 2.0, 2.0, 2.0, 2.0, 2.0, 2.0, 2.0, 2.0, 2.0, 2.0, 2.0, 3.0, 2.0, 2.0, 2.0, 2.0, 2.0, 2.0, 2.0, 2.0, 2.0, 2.0, 2.0, 3.0, 3.0, 2.0, 4.0, 4.0, 3.0, 4.0, 5.0, 4.0, 2.0, 2.0, 2.0, 2.0, 2.0, 3.0, 3.0, 3.0, 3.0, 4.0, 4.0, 4.0, 5.0, 5.0, 3.0, 2.0, 2.0, 2.0, 2.0, 2.0, 2.0, 2.0, 3.0, 2.0, 3.0, 2.0, 2.0, 3.0, 2.0, 2.0, 2.0, 2.0, 2.0, 2.0, 2.0, 2.0, 2.0, 3.0, 2.0, 3.0, 2.0, 2.0, 2.0, 2.0, 2.0, 2.0, 2.0, 2.0, 3.0, 2.0, 2.0, 2.0, 2.0, 2.0, 2.0, 2.0, 2.0, 2.0, 2.0, 2.0, 2.0, 2.0, 3.0, 2.0, 2.0, 3.0, 2.0, 2.0, 2.0, 2.0, 2.0, 2.0, 2.0, 2.0, 3.0, 2.0, 2.0, 2.0, 2.0, 2.0, 2.0, 2.0, 3.0, 3.0, 3.0, 2.0, 2.0, 2.0, 3.0, 2.0, 2.0, 2.0, 2.0, 2.0, 2.0, 2.0, 2.0, 2.0, 2.0, 2.0, 2.0, 2.0, 3.0, 2.0, 2.0, 2.0, 2.0, 2.0, 2.0, 2.0, 2.0, 3.0, 2.0, 2.0, 2.0, 2.0, 3.0, 2.0, 3.0, 2.0, 2.0, 2.0, 2.0, 3.0, 2.0, 2.0, 2.0, 2.0, 2.0, 2.0, 2.0, 2.0, 2.0, 2.0, 2.0, 2.0, 2.0, 2.0, 2.0, 2.0, 3.0, 2.0, 2.0, 3.0, 2.0, 3.0, 2.0, 2.0, 2.0, 2.0, 2.0, 2.0, 3.0, 2.0, 2.0, 3.0, 2.0, 3.0, 2.0, 2.0, 2.0, 2.0, 2.0, 2.0, 3.0, 2.0, 2.0, 2.0, 2.0, 2.0, 2.0, 2.0, 2.0, 3.0, 4.0, 4.0, 3.0, 4.0, 4.0, 4.0, 4.0, 4.0, 4.0, 4.0, 5.0, 4.0, 5.0, 5.0, 2.0, 2.0, 2.0, 3.0, 3.0, 2.0, 2.0, 3.0, 3.0, 3.0, 3.0, 3.0, 4.0, 4.0, 5.0, 5.0, 3.0, 2.0, 2.0, 3.0, 2.0, 2.0, 2.0, 2.0, 2.0, 2.0, 2.0, 2.0, 2.0, 2.0, 2.0, 2.0, 2.0, 2.0, 2.0, 2.0, 2.0, 2.0, 2.0, 2.0, 2.0, 2.0, 3.0, 2.0, 2.0, 2.0, 2.0, 3.0, 2.0, 2.0, 2.0, 2.0, 2.0, 2.0, 2.0, 2.0, 2.0, 2.0, 3.0, 2.0, 2.0, 2.0, 3.0, 2.0, 2.0, 2.0, 2.0, 2.0, 2.0, 2.0, 2.0, 2.0, 3.0, 2.0, 2.0, 2.0, 2.0, 2.0, 3.0, 3.0, 3.0, 2.0, 2.0, 2.0, 2.0, 2.0, 2.0, 2.0, 2.0, 2.0, 2.0, 2.0, 2.0, 2.0, 3.0, 2.0, 2.0, 2.0, 2.0, 2.0, 2.0, 2.0, 2.0, 2.0, 3.0, 2.0, 2.0, 2.0, 2.0, 2.0, 3.0, 2.0, 2.0, 2.0, 2.0, 3.0, 2.0, 2.0, 2.0, 3.0, 2.0, 2.0, 2.0, 2.0, 2.0, 2.0, 3.0, 2.0, 2.0, 2.0, 2.0, 2.0, 2.0, 2.0, 3.0, 2.0, 2.0, 2.0, 2.0, 2.0, 2.0, 3.0, 2.0, 2.0, 2.0, 2.0, 2.0, 3.0, 2.0, 2.0, 2.0, 2.0, 2.0, 2.0, 2.0, 2.0, 2.0, 2.0, 3.0, 3.0, 2.0, 2.0, 3.0, 2.0, 3.0, 3.0, 4.0, 4.0, 4.0, 4.0, 2.0, 2.0, 2.0, 2.0, 2.0, 3.0, 2.0, 3.0, 3.0, 3.0, 4.0, 4.0, 4.0, 4.0, 5.0, 5.0, 4.0, 4.0, 2.0, 3.0, 2.0, 2.0, 2.0, 3.0, 2.0, 2.0, 2.0, 2.0, 2.0, 2.0, 2.0, 2.0, 3.0, 2.0, 3.0, 2.0, 3.0, 2.0, 2.0, 2.0, 3.0, 2.0, 3.0, 2.0, 2.0, 2.0, 2.0, 2.0, 2.0, 2.0, 2.0, 2.0, 2.0, 2.0, 2.0, 2.0, 3.0, 2.0, 4.0, 2.0, 2.0, 3.0, 2.0, 2.0, 3.0, 2.0, 2.0, 2.0, 2.0, 2.0, 2.0, 2.0, 2.0, 3.0, 2.0, 2.0, 2.0, 3.0, 2.0, 2.0, 2.0, 2.0, 2.0, 2.0, 2.0, 2.0, 2.0, 2.0, 2.0, 3.0, 2.0, 2.0, 2.0, 3.0, 3.0, 2.0, 2.0, 2.0, 3.0, 2.0, 2.0, 3.0, 2.0, 2.0, 3.0, 2.0, 2.0, 2.0, 2.0, 2.0, 2.0, 3.0, 2.0, 2.0, 2.0, 3.0, 3.0, 2.0, 2.0, 2.0, 2.0, 3.0, 3.0, 2.0, 2.0, 2.0, 2.0, 3.0, 3.0, 2.0, 2.0, 2.0, 2.0, 2.0, 2.0, 3.0, 2.0, 2.0, 2.0, 2.0, 3.0, 2.0, 3.0, 3.0, 2.0, 2.0, 2.0, 2.0, 3.0, 2.0, 2.0, 2.0, 2.0, 3.0, 3.0, 3.0, 2.0, 2.0, 3.0, 3.0, 2.0, 2.0, 3.0, 3.0, 4.0, 4.0, 5.0, 5.0, 4.0, 4.0, 4.0, 5.0, 4.0, 4.0, 5.0, 4.0, 4.0, 5.0, 2.0, 2.0, 2.0, 2.0, 3.0, 3.0, 3.0, 4.0, 4.0, 4.0, 5.0, 5.0, 5.0, 5.0, 5.0, 2.0, 2.0, 2.0, 2.0, 3.0, 2.0, 2.0, 3.0, 2.0, 2.0, 2.0, 2.0, 2.0, 2.0, 3.0, 2.0, 2.0, 2.0, 2.0, 2.0, 2.0, 2.0, 2.0, 2.0, 2.0, 3.0, 2.0, 3.0, 3.0, 2.0, 3.0, 2.0, 2.0, 2.0, 3.0, 2.0, 2.0, 3.0, 2.0, 2.0, 3.0, 2.0, 2.0, 2.0, 3.0, 2.0, 3.0, 2.0, 2.0, 2.0, 2.0, 2.0, 2.0, 2.0, 2.0, 2.0, 2.0, 2.0, 3.0, 2.0, 2.0, 2.0, 2.0, 2.0, 2.0, 2.0, 2.0, 2.0, 2.0, 2.0, 2.0, 2.0, 3.0, 2.0, 3.0, 2.0, 3.0, 3.0, 2.0, 2.0, 2.0, 2.0, 2.0, 2.0, 2.0, 3.0, 2.0, 2.0, 2.0, 3.0, 2.0, 3.0, 2.0, 2.0, 3.0, 2.0, 2.0, 2.0, 2.0, 2.0, 2.0, 2.0, 2.0, 2.0, 2.0, 2.0, 3.0, 2.0, 2.0, 3.0, 2.0, 2.0, 3.0, 3.0, 2.0, 3.0, 3.0, 3.0, 2.0, 2.0, 3.0, 2.0, 2.0, 2.0, 2.0, 2.0, 3.0, 2.0, 3.0, 2.0, 2.0, 2.0, 2.0, 2.0, 2.0, 2.0, 2.0, 2.0, 3.0, 2.0, 2.0, 3.0, 2.0, 2.0, 2.0, 2.0, 2.0, 2.0, 2.0, 2.0, 2.0, 2.0, 2.0, 3.0, 2.0, 3.0, 3.0, 3.0, 3.0, 3.0, 3.0, 3.0, 3.0, 3.0, 5.0, 5.0, 5.0, 5.0, 4.0, 5.0, 2.0, 2.0, 2.0, 2.0, 2.0, 2.0, 3.0, 3.0, 3.0, 5.0, 5.0, 5.0, 4.0, 4.0, 4.0, 4.0, 5.0, 4.0, 4.0, 4.0, 2.0, 2.0, 2.0, 2.0, 2.0, 2.0, 2.0, 2.0, 3.0, 2.0, 2.0, 3.0, 2.0, 2.0, 2.0, 2.0, 2.0, 2.0, 2.0, 3.0, 3.0, 2.0, 3.0, 2.0, 2.0, 3.0, 2.0, 2.0, 2.0, 2.0, 2.0, 2.0, 2.0, 2.0, 3.0, 2.0, 2.0, 3.0, 2.0, 2.0, 2.0, 2.0, 2.0, 2.0, 2.0, 2.0, 3.0, 3.0, 2.0, 2.0, 2.0, 3.0, 2.0, 2.0, 3.0, 2.0, 2.0, 2.0, 3.0, 2.0, 2.0, 2.0, 2.0, 2.0, 3.0, 2.0, 2.0, 2.0, 2.0, 2.0, 2.0, 2.0, 2.0, 2.0, 2.0, 2.0, 3.0, 2.0, 2.0, 2.0, 2.0, 2.0, 3.0, 2.0, 3.0, 2.0, 2.0, 2.0, 2.0, 3.0, 3.0, 3.0, 2.0, 2.0, 2.0, 2.0, 2.0, 3.0, 3.0, 3.0, 4.0, 3.0, 2.0, 2.0, 2.0, 2.0, 2.0, 3.0, 2.0, 2.0, 2.0, 2.0, 2.0, 2.0, 2.0, 2.0, 2.0, 2.0, 2.0, 2.0, 2.0, 3.0, 2.0]

HAR MLSTM:
[6.0, 5.0, 5.0, 6.0, 6.0, 5.0, 5.0, 5.0, 5.0, 6.0, 5.0, 5.0, 5.0, 5.0, 7.0, 5.0, 3.0, 2.0, 2.0, 3.0, 3.0, 2.0, 2.0, 3.0, 3.0, 3.0, 3.0, 2.0, 3.0, 3.0, 3.0, 3.0, 3.0, 3.0, 3.0, 3.0, 3.0, 3.0, 3.0, 3.0, 3.0, 3.0, 3.0, 3.0, 3.0, 3.0, 2.0, 2.0, 3.0, 3.0, 3.0, 3.0, 3.0, 2.0, 2.0, 3.0, 2.0, 2.0, 2.0, 3.0, 3.0, 3.0, 2.0, 2.0, 3.0, 2.0, 2.0, 3.0, 2.0, 2.0, 3.0, 2.0, 3.0, 3.0, 2.0, 3.0, 2.0, 3.0, 3.0, 3.0, 3.0, 2.0, 3.0, 2.0, 3.0, 3.0, 3.0, 3.0, 2.0, 3.0, 3.0, 2.0, 3.0, 2.0, 2.0, 3.0, 3.0, 3.0, 2.0, 3.0, 2.0, 2.0, 3.0, 3.0, 3.0, 3.0, 3.0, 2.0, 2.0, 3.0, 3.0, 3.0, 3.0, 2.0, 2.0, 2.0, 3.0, 2.0, 3.0, 3.0, 2.0, 3.0, 2.0, 2.0, 3.0, 3.0, 2.0, 2.0, 3.0, 3.0, 2.0, 3.0, 3.0, 3.0, 2.0, 2.0, 3.0, 2.0, 2.0, 3.0, 3.0, 3.0, 2.0, 2.0, 3.0, 3.0, 2.0, 2.0, 2.0, 3.0, 3.0, 3.0, 3.0, 3.0, 3.0, 3.0, 2.0, 3.0, 2.0, 3.0, 3.0, 3.0, 4.0, 3.0, 4.0, 4.0, 5.0, 5.0, 5.0, 6.0, 3.0, 3.0, 3.0, 2.0, 3.0, 2.0, 3.0, 2.0, 2.0, 2.0, 3.0, 2.0, 2.0, 3.0, 2.0, 3.0, 3.0, 2.0, 4.0, 3.0, 2.0, 3.0, 3.0, 3.0, 2.0, 3.0, 3.0, 3.0, 3.0, 3.0, 3.0, 2.0, 3.0, 3.0, 2.0, 3.0, 2.0, 3.0, 3.0, 3.0, 3.0, 3.0, 2.0, 3.0, 3.0, 3.0, 3.0, 2.0, 3.0, 2.0, 3.0, 2.0, 3.0, 3.0, 3.0, 3.0, 2.0, 2.0, 3.0, 3.0, 2.0, 2.0, 3.0, 3.0, 3.0, 3.0, 3.0, 3.0, 3.0, 3.0, 2.0, 3.0, 3.0, 3.0, 2.0, 3.0, 2.0, 3.0, 3.0, 3.0, 3.0, 2.0, 3.0, 3.0, 2.0, 3.0, 3.0, 2.0, 2.0, 3.0, 2.0, 3.0, 2.0, 3.0, 4.0, 2.0, 3.0, 2.0, 2.0, 3.0, 2.0, 3.0, 2.0, 3.0, 2.0, 2.0, 3.0, 3.0, 3.0, 3.0, 3.0, 3.0, 2.0, 2.0, 3.0, 3.0, 3.0, 2.0, 2.0, 3.0, 2.0, 3.0, 2.0, 3.0, 3.0, 2.0, 2.0, 3.0, 3.0, 2.0, 3.0, 3.0, 2.0, 3.0, 3.0, 3.0, 3.0, 2.0, 3.0, 2.0, 2.0, 3.0, 3.0, 3.0, 3.0, 4.0, 5.0, 5.0, 3.0, 3.0, 3.0, 2.0, 3.0, 3.0, 3.0, 3.0, 3.0, 4.0, 5.0, 5.0, 3.0, 2.0, 3.0, 2.0, 3.0, 3.0, 3.0, 3.0, 3.0, 3.0, 2.0, 2.0, 2.0, 2.0, 3.0, 3.0, 3.0, 3.0, 2.0, 2.0, 3.0, 2.0, 2.0, 2.0, 3.0, 3.0, 3.0, 3.0, 3.0, 3.0, 2.0, 3.0, 3.0, 2.0, 2.0, 3.0, 3.0, 3.0, 3.0, 3.0, 2.0, 3.0, 3.0, 2.0, 3.0, 2.0, 3.0, 2.0, 3.0, 3.0, 3.0, 3.0, 2.0, 3.0, 2.0, 3.0, 2.0, 3.0, 3.0, 2.0, 2.0, 2.0, 3.0, 2.0, 3.0, 2.0, 2.0, 3.0, 3.0, 3.0, 2.0, 3.0, 3.0, 3.0, 3.0, 2.0, 2.0, 2.0, 2.0, 3.0, 3.0, 2.0, 3.0, 2.0, 3.0, 2.0, 3.0, 3.0, 2.0, 3.0, 3.0, 3.0, 2.0, 2.0, 2.0, 2.0, 3.0, 2.0, 3.0, 3.0, 3.0, 3.0, 2.0, 3.0, 2.0, 2.0, 2.0, 2.0, 3.0, 3.0, 2.0, 2.0, 3.0, 4.0, 4.0, 4.0, 4.0, 4.0, 4.0, 4.0, 3.0, 2.0, 3.0, 3.0, 3.0, 2.0, 2.0, 2.0, 3.0, 2.0, 2.0, 2.0, 3.0, 3.0, 3.0, 3.0, 3.0, 2.0, 2.0, 2.0, 3.0, 3.0, 4.0, 4.0, 5.0, 4.0, 5.0, 4.0, 5.0, 4.0, 5.0, 4.0, 4.0, 2.0, 2.0, 2.0, 3.0, 3.0, 2.0, 4.0, 3.0, 5.0, 5.0, 5.0, 5.0, 3.0, 3.0, 2.0, 2.0, 3.0, 2.0, 2.0, 2.0, 2.0, 2.0, 2.0, 3.0, 2.0, 2.0, 3.0, 3.0, 3.0, 2.0, 2.0, 3.0, 3.0, 3.0, 3.0, 3.0, 2.0, 3.0, 3.0, 3.0, 3.0, 3.0, 3.0, 3.0, 3.0, 2.0, 3.0, 3.0, 3.0, 3.0, 3.0, 3.0, 2.0, 2.0, 2.0, 2.0, 3.0, 2.0, 3.0, 3.0, 3.0, 2.0, 3.0, 2.0, 2.0, 2.0, 2.0, 3.0, 3.0, 2.0, 2.0, 2.0, 3.0, 3.0, 3.0, 2.0, 3.0, 3.0, 2.0, 3.0, 2.0, 3.0, 2.0, 3.0, 3.0, 3.0, 2.0, 3.0, 2.0, 2.0, 2.0, 2.0, 2.0, 3.0, 3.0, 3.0, 3.0, 2.0, 2.0, 3.0, 3.0, 3.0, 3.0, 3.0, 3.0, 2.0, 3.0, 2.0, 3.0, 3.0, 2.0, 3.0, 3.0, 3.0, 2.0, 3.0, 4.0, 3.0, 4.0, 5.0, 2.0, 3.0, 2.0, 2.0, 3.0, 3.0, 3.0, 3.0, 2.0, 3.0, 3.0, 3.0, 3.0, 5.0, 5.0, 5.0, 2.0, 3.0, 3.0, 4.0, 3.0, 3.0, 4.0, 5.0, 4.0, 4.0, 4.0, 5.0, 5.0, 5.0, 5.0, 5.0, 6.0, 6.0, 3.0, 3.0, 3.0, 3.0, 2.0, 3.0, 3.0, 3.0, 3.0, 3.0, 3.0, 3.0, 3.0, 3.0, 2.0, 2.0, 2.0, 3.0, 3.0, 2.0, 2.0, 2.0, 3.0, 3.0, 3.0, 2.0, 2.0, 3.0, 3.0, 3.0, 3.0, 3.0, 2.0, 3.0, 2.0, 2.0, 3.0, 2.0, 3.0, 3.0, 2.0, 2.0, 3.0, 3.0, 3.0, 3.0, 3.0, 2.0, 2.0, 2.0, 2.0, 3.0, 2.0, 2.0, 3.0, 2.0, 2.0, 3.0, 2.0, 2.0, 2.0, 3.0, 3.0, 3.0, 2.0, 3.0, 4.0, 3.0, 2.0, 2.0, 2.0, 3.0, 3.0, 3.0, 2.0, 3.0, 2.0, 2.0, 3.0, 3.0, 3.0, 3.0, 3.0, 3.0, 2.0, 3.0, 2.0, 2.0, 3.0, 3.0, 3.0, 3.0, 3.0, 5.0, 4.0, 5.0, 3.0, 2.0, 3.0, 2.0, 2.0, 3.0, 3.0, 3.0, 3.0, 3.0, 3.0, 3.0, 3.0, 2.0, 2.0, 2.0, 3.0, 3.0, 2.0, 2.0, 2.0, 3.0, 3.0, 3.0, 3.0, 2.0, 3.0, 2.0, 2.0, 2.0, 3.0, 3.0, 2.0, 4.0, 3.0, 5.0, 5.0, 5.0, 5.0, 5.0, 4.0, 5.0, 5.0, 5.0, 5.0, 5.0, 5.0, 6.0, 5.0, 6.0, 6.0, 5.0, 5.0, 6.0, 3.0, 2.0, 3.0, 3.0, 3.0, 3.0, 2.0, 3.0, 3.0, 2.0, 3.0, 4.0, 2.0, 3.0, 2.0, 3.0, 3.0, 3.0, 2.0, 2.0, 2.0, 2.0, 2.0, 2.0, 3.0, 3.0, 2.0, 3.0, 2.0, 2.0, 2.0, 2.0, 3.0, 3.0, 3.0, 3.0, 3.0, 2.0, 2.0, 3.0, 2.0, 2.0, 3.0, 2.0, 2.0, 3.0, 2.0, 2.0, 3.0, 2.0, 3.0, 3.0, 3.0, 3.0, 2.0, 2.0, 2.0, 3.0, 2.0, 3.0, 3.0, 2.0, 3.0, 3.0, 2.0, 2.0, 2.0, 3.0, 2.0, 2.0, 2.0, 3.0, 3.0, 3.0, 3.0, 2.0, 3.0, 3.0, 3.0, 2.0, 3.0, 3.0, 3.0, 3.0, 3.0, 3.0, 2.0, 2.0, 3.0, 3.0, 2.0, 3.0, 2.0, 3.0, 2.0, 2.0, 2.0, 2.0, 3.0, 3.0, 3.0, 3.0, 3.0, 3.0, 2.0, 3.0, 2.0, 3.0, 3.0, 3.0, 3.0, 3.0, 3.0, 2.0, 3.0, 2.0, 2.0, 3.0, 3.0, 3.0, 3.0, 3.0, 4.0, 3.0, 3.0, 3.0, 3.0, 3.0, 4.0, 5.0, 5.0, 5.0, 6.0, 6.0, 5.0, 5.0, 5.0, 6.0, 5.0, 5.0, 6.0, 6.0, 6.0, 6.0, 3.0, 2.0, 3.0, 3.0, 2.0, 2.0, 3.0, 3.0, 3.0, 2.0, 3.0, 2.0, 2.0, 3.0, 2.0, 3.0, 3.0, 2.0, 2.0, 3.0, 2.0, 2.0, 2.0, 3.0, 2.0, 2.0, 2.0, 3.0, 2.0, 2.0, 3.0, 2.0, 3.0, 2.0, 3.0, 2.0, 2.0, 3.0, 3.0, 2.0, 2.0, 3.0, 3.0, 3.0, 3.0, 3.0, 3.0, 3.0, 2.0, 3.0, 3.0, 3.0, 3.0, 2.0, 3.0, 2.0, 2.0, 3.0, 2.0, 3.0, 3.0, 3.0, 3.0, 2.0, 2.0, 3.0, 2.0, 2.0, 2.0, 3.0, 2.0, 2.0, 3.0, 2.0, 3.0, 2.0, 2.0, 2.0, 2.0, 2.0, 3.0, 2.0, 3.0, 2.0, 2.0, 3.0, 3.0, 2.0, 2.0, 3.0, 3.0, 2.0, 2.0, 3.0, 3.0, 3.0, 3.0, 2.0, 3.0, 2.0, 2.0, 2.0, 3.0, 3.0, 2.0, 3.0, 2.0, 3.0, 2.0, 3.0, 3.0, 3.0, 2.0, 2.0, 2.0, 3.0, 3.0, 3.0, 3.0, 2.0, 3.0, 2.0, 2.0, 2.0, 2.0, 3.0, 3.0, 3.0, 3.0, 3.0, 3.0, 3.0, 3.0, 3.0, 3.0, 3.0, 3.0, 3.0, 4.0, 3.0, 4.0, 4.0, 4.0, 4.0, 4.0, 4.0, 4.0, 4.0, 4.0, 5.0, 5.0, 5.0, 5.0, 5.0, 6.0, 6.0, 5.0, 5.0, 5.0, 6.0, 5.0, 5.0, 3.0, 3.0, 2.0, 2.0, 3.0, 3.0, 2.0, 3.0, 4.0, 2.0, 2.0, 3.0, 3.0, 3.0, 3.0, 3.0, 2.0, 3.0, 3.0, 4.0, 3.0, 3.0, 3.0, 2.0, 2.0, 3.0, 2.0, 2.0, 2.0, 3.0, 3.0, 3.0, 3.0, 2.0, 3.0, 3.0, 2.0, 3.0, 3.0, 3.0, 3.0, 3.0, 2.0, 3.0, 3.0, 2.0, 3.0, 2.0, 3.0, 3.0, 3.0, 3.0, 3.0, 2.0, 2.0, 3.0, 3.0, 3.0, 3.0, 2.0, 3.0, 2.0, 3.0, 3.0, 3.0, 3.0, 2.0, 2.0, 3.0, 3.0, 2.0, 3.0, 2.0, 3.0, 2.0, 3.0, 3.0, 3.0, 2.0, 2.0, 3.0, 3.0, 3.0, 2.0, 2.0, 3.0, 3.0, 3.0, 3.0, 4.0, 3.0, 4.0, 5.0, 5.0, 4.0, 5.0, 6.0, 6.0, 6.0, 5.0, 5.0, 5.0, 5.0, 5.0, 5.0, 5.0, 5.0, 5.0, 5.0, 5.0, 5.0, 5.0, 5.0, 5.0, 5.0, 5.0, 6.0, 5.0, 5.0, 5.0, 5.0, 5.0, 4.0, 5.0, 5.0, 5.0, 5.0, 4.0, 5.0, 2.0, 3.0, 2.0, 2.0, 2.0, 3.0, 3.0, 2.0, 2.0, 3.0, 3.0, 2.0, 3.0, 2.0, 3.0, 2.0, 2.0, 2.0, 3.0, 2.0, 3.0, 2.0, 3.0, 3.0, 2.0, 3.0, 3.0, 2.0, 2.0, 2.0, 2.0, 2.0, 3.0, 3.0, 3.0, 2.0, 2.0, 3.0, 2.0, 3.0, 3.0, 2.0, 3.0, 2.0, 3.0, 3.0, 3.0, 3.0, 3.0, 2.0, 3.0, 2.0, 3.0, 2.0, 2.0, 3.0, 2.0, 3.0, 3.0, 2.0, 3.0, 3.0, 3.0, 3.0, 3.0, 3.0, 3.0, 3.0, 3.0, 3.0, 3.0, 3.0, 3.0, 3.0, 3.0, 3.0, 2.0, 2.0, 3.0, 3.0, 3.0, 2.0, 3.0, 3.0, 2.0, 2.0, 3.0, 3.0, 4.0, 3.0, 3.0, 3.0, 3.0, 3.0, 3.0, 2.0, 2.0, 3.0, 3.0, 2.0, 3.0, 2.0, 2.0, 2.0, 3.0, 3.0, 3.0, 3.0, 3.0, 3.0, 3.0, 2.0, 5.0, 3.0, 3.0, 3.0, 3.0, 3.0, 3.0, 4.0, 2.0, 3.0, 3.0, 3.0, 3.0, 3.0, 6.0, 4.0, 4.0, 4.0, 4.0, 4.0, 3.0, 3.0, 3.0, 3.0, 3.0, 3.0, 3.0, 4.0, 4.0, 5.0, 5.0, 5.0, 6.0, 5.0, 6.0, 5.0, 5.0, 5.0, 5.0, 5.0, 5.0, 5.0, 5.0, 5.0, 3.0, 2.0, 2.0, 2.0, 3.0, 2.0, 3.0, 4.0, 3.0, 4.0, 4.0, 3.0, 2.0, 3.0, 2.0, 2.0, 3.0, 3.0, 2.0, 3.0, 2.0, 2.0, 3.0, 3.0, 2.0, 3.0, 2.0, 3.0, 3.0, 3.0, 2.0, 2.0, 3.0, 2.0, 2.0, 3.0, 2.0, 3.0, 2.0, 3.0, 2.0, 3.0, 3.0, 2.0, 3.0, 3.0, 3.0, 3.0, 3.0, 3.0, 3.0, 3.0, 2.0, 3.0, 3.0, 3.0, 3.0, 2.0, 2.0, 3.0, 3.0, 2.0, 3.0, 3.0, 3.0, 2.0, 2.0, 3.0, 3.0, 3.0, 2.0, 2.0, 3.0, 3.0, 3.0, 3.0, 2.0, 3.0, 3.0, 3.0, 2.0, 3.0, 3.0, 2.0, 3.0, 3.0, 3.0, 3.0, 2.0, 2.0, 2.0, 3.0, 2.0, 2.0, 2.0, 2.0, 3.0, 2.0, 2.0, 2.0, 2.0, 2.0, 2.0, 3.0, 3.0, 3.0, 3.0, 2.0, 2.0, 2.0, 2.0, 2.0, 2.0, 2.0, 2.0, 2.0, 2.0, 2.0, 3.0, 2.0, 3.0, 3.0, 3.0, 3.0, 3.0, 3.0, 3.0, 3.0, 2.0, 3.0, 3.0, 4.0, 3.0, 4.0, 5.0, 6.0, 5.0, 8.0, 5.0, 6.0, 5.0, 6.0, 6.0, 5.0, 5.0, 5.0, 5.0, 5.0, 4.0, 5.0, 5.0, 4.0, 5.0, 5.0, 4.0, 5.0, 5.0, 5.0, 5.0, 4.0, 2.0, 2.0, 3.0, 2.0, 3.0, 2.0, 3.0, 3.0, 3.0, 3.0, 3.0, 3.0, 2.0, 3.0, 2.0, 2.0, 3.0, 2.0, 2.0, 2.0, 2.0, 2.0, 3.0, 3.0, 2.0, 3.0, 3.0, 3.0, 3.0, 2.0, 3.0, 3.0, 3.0, 2.0, 3.0, 3.0, 3.0, 2.0, 3.0, 5.0, 3.0, 2.0, 3.0, 3.0, 3.0, 3.0, 3.0, 3.0, 3.0, 3.0, 2.0, 3.0, 2.0, 3.0, 3.0, 3.0, 3.0, 3.0, 3.0, 3.0, 2.0, 3.0, 2.0, 3.0, 2.0, 2.0, 2.0, 2.0, 3.0, 2.0, 2.0, 3.0, 3.0, 3.0, 3.0, 3.0, 2.0, 3.0, 3.0, 3.0, 3.0, 3.0, 2.0, 2.0, 2.0, 2.0, 3.0, 3.0, 2.0, 3.0, 3.0, 2.0, 2.0, 2.0, 2.0, 3.0, 2.0, 4.0, 2.0, 2.0, 2.0, 2.0, 3.0, 2.0, 3.0, 2.0, 3.0, 3.0, 3.0, 2.0, 3.0, 2.0, 3.0, 3.0, 2.0, 2.0, 2.0, 2.0, 2.0, 3.0, 3.0, 3.0, 2.0, 3.0, 3.0, 3.0, 3.0, 2.0, 3.0, 2.0, 3.0, 3.0, 2.0, 3.0, 3.0, 2.0, 2.0, 3.0, 3.0, 2.0, 2.0, 3.0, 2.0, 3.0, 2.0, 2.0, 2.0, 2.0, 2.0, 3.0, 3.0, 3.0, 3.0, 3.0, 2.0, 2.0, 2.0, 2.0, 2.0, 3.0, 3.0, 3.0, 3.0, 4.0, 4.0, 5.0, 4.0, 5.0, 5.0, 5.0, 2.0, 3.0, 3.0, 3.0, 3.0, 4.0, 3.0, 3.0, 4.0, 4.0, 5.0, 5.0, 6.0, 5.0, 5.0, 5.0, 4.0, 2.0, 2.0, 2.0, 2.0, 2.0, 2.0, 3.0, 2.0, 3.0, 2.0, 2.0, 2.0, 2.0, 2.0, 2.0, 3.0, 3.0, 3.0, 2.0, 7.0, 3.0, 2.0, 3.0, 2.0, 3.0, 3.0, 3.0, 2.0, 3.0, 2.0, 3.0, 3.0, 2.0, 3.0, 2.0, 2.0, 3.0, 2.0, 3.0, 2.0, 2.0, 3.0, 2.0, 2.0, 2.0, 3.0, 3.0, 3.0, 3.0, 3.0, 2.0, 2.0, 3.0, 2.0, 2.0, 3.0, 3.0, 3.0, 2.0, 3.0, 3.0, 3.0, 2.0, 3.0, 2.0, 3.0, 2.0, 2.0, 2.0, 3.0, 2.0, 3.0, 3.0, 2.0, 2.0, 3.0, 3.0, 2.0, 3.0, 2.0, 2.0, 3.0, 2.0, 3.0, 2.0, 3.0, 3.0, 3.0, 3.0, 2.0, 3.0, 3.0, 3.0, 2.0, 2.0, 3.0, 3.0, 3.0, 3.0, 3.0, 2.0, 3.0, 3.0, 3.0, 3.0, 2.0, 3.0, 2.0, 2.0, 2.0, 3.0, 2.0, 3.0, 3.0, 3.0, 3.0, 3.0, 3.0, 2.0, 3.0, 3.0, 3.0, 3.0, 2.0, 2.0, 2.0, 3.0, 3.0, 3.0, 4.0, 4.0, 4.0, 5.0, 5.0, 5.0, 5.0, 5.0, 5.0, 5.0, 5.0, 6.0, 6.0, 6.0, 5.0, 6.0, 5.0, 6.0, 4.0, 4.0, 4.0, 4.0, 4.0, 5.0, 5.0, 4.0, 5.0, 5.0, 4.0, 5.0, 5.0, 5.0, 6.0, 5.0, 4.0, 3.0, 3.0, 2.0, 3.0, 3.0, 2.0, 3.0, 2.0, 3.0, 2.0, 2.0, 3.0, 3.0, 3.0, 3.0, 3.0, 3.0, 3.0, 2.0, 3.0, 2.0, 2.0, 2.0, 3.0, 2.0, 3.0, 2.0, 2.0, 2.0, 3.0, 3.0, 2.0, 3.0, 3.0, 2.0, 3.0, 3.0, 2.0, 3.0, 3.0, 2.0, 2.0, 3.0, 3.0, 2.0, 2.0, 3.0, 3.0, 2.0, 2.0, 3.0, 3.0, 2.0, 3.0, 2.0, 2.0, 3.0, 2.0, 3.0, 2.0, 2.0, 2.0, 3.0, 3.0, 2.0, 3.0, 3.0, 2.0, 2.0, 3.0, 3.0, 3.0, 2.0, 3.0, 2.0, 3.0, 3.0, 3.0, 3.0, 3.0, 2.0, 3.0, 3.0, 3.0, 3.0, 2.0, 3.0, 3.0, 2.0, 2.0, 3.0, 2.0, 2.0, 3.0, 2.0, 3.0, 3.0, 3.0, 2.0, 3.0, 3.0, 2.0, 3.0, 3.0, 3.0, 3.0, 3.0, 2.0, 3.0, 3.0, 3.0,
2.0, 2.0, 2.0, 3.0, 2.0, 3.0, 3.0, 3.0, 3.0, 2.0, 2.0, 2.0, 4.0, 3.0, 3.0, 3.0, 3.0, 3.0, 3.0, 2.0, 2.0, 3.0, 2.0, 3.0, 2.0, 2.0, 3.0, 3.0, 2.0, 3.0, 2.0, 3.0, 2.0, 2.0, 2.0, 3.0, 3.0, 3.0, 2.0, 3.0, 3.0, 4.0, 3.0, 4.0, 4.0, 5.0, 4.0, 5.0, 6.0, 6.0, 6.0, 6.0, 6.0, 5.0, 5.0, 5.0, 5.0, 5.0, 5.0, 5.0, 5.0, 5.0, 6.0, 6.0, 5.0, 5.0, 5.0, 5.0, 5.0, 5.0, 2.0, 3.0, 3.0, 2.0, 3.0, 2.0, 2.0, 2.0, 2.0, 2.0, 2.0, 3.0, 2.0, 3.0, 3.0, 2.0, 2.0, 3.0, 2.0, 3.0, 2.0, 2.0, 3.0, 2.0, 2.0, 3.0, 3.0, 3.0, 3.0, 2.0, 3.0, 2.0, 3.0, 3.0, 3.0, 2.0, 3.0, 3.0, 2.0, 3.0, 2.0, 3.0, 3.0, 2.0, 3.0, 2.0, 3.0, 3.0, 2.0, 2.0, 3.0, 3.0, 3.0, 3.0, 2.0, 2.0, 2.0, 2.0, 3.0, 2.0, 2.0, 3.0, 3.0, 2.0, 2.0, 3.0, 3.0, 2.0, 3.0, 3.0, 2.0, 2.0, 2.0, 3.0, 2.0, 2.0, 3.0, 3.0, 2.0, 2.0, 3.0, 3.0, 3.0, 3.0, 3.0, 2.0, 3.0, 2.0, 2.0, 2.0, 2.0, 2.0, 2.0, 2.0, 3.0, 3.0, 3.0, 3.0, 2.0, 3.0, 3.0, 3.0, 2.0, 3.0, 3.0, 2.0, 2.0, 2.0, 2.0, 3.0, 3.0, 3.0, 3.0, 2.0, 2.0, 3.0, 2.0, 2.0, 2.0, 2.0, 2.0, 3.0, 3.0, 3.0, 2.0, 3.0, 3.0, 2.0, 3.0, 2.0, 2.0, 3.0, 3.0, 3.0, 2.0, 3.0, 3.0, 2.0, 3.0, 2.0, 3.0, 3.0, 2.0, 2.0, 2.0, 3.0, 3.0, 3.0, 3.0, 3.0, 5.0, 4.0, 5.0, 5.0, 6.0, 6.0, 5.0, 5.0, 5.0, 5.0, 5.0, 5.0, 5.0, 6.0, 5.0, 5.0, 5.0, 5.0, 5.0, 5.0, 5.0, 5.0, 5.0, 5.0, 5.0, 6.0, 7.0, 5.0, 3.0, 2.0, 2.0, 3.0, 2.0, 3.0, 3.0, 2.0, 3.0, 3.0, 3.0, 3.0, 3.0, 2.0, 4.0, 3.0, 3.0, 2.0, 2.0, 3.0, 3.0, 3.0, 2.0, 3.0, 2.0, 2.0, 3.0, 3.0, 3.0, 2.0, 2.0, 3.0, 2.0, 3.0, 3.0, 3.0, 3.0, 3.0, 3.0, 2.0, 3.0, 3.0, 2.0, 3.0, 3.0, 3.0, 2.0, 2.0, 3.0, 3.0, 2.0, 2.0, 3.0, 3.0, 3.0, 2.0, 3.0, 3.0, 2.0, 2.0, 3.0, 3.0, 3.0, 3.0, 2.0, 3.0, 3.0, 2.0, 3.0, 3.0, 2.0, 3.0, 3.0, 3.0, 3.0, 2.0, 3.0, 3.0, 2.0, 2.0, 2.0, 3.0, 2.0, 3.0, 2.0, 2.0, 3.0, 3.0, 2.0, 2.0, 3.0, 2.0, 2.0, 2.0, 3.0, 2.0, 3.0, 2.0, 2.0, 3.0, 3.0, 3.0, 3.0, 3.0, 2.0, 2.0, 2.0, 3.0, 3.0, 2.0, 2.0, 2.0, 2.0, 3.0, 2.0, 3.0, 3.0, 2.0, 3.0, 2.0, 3.0, 3.0, 3.0, 2.0, 2.0, 2.0, 2.0, 3.0, 2.0, 3.0, 2.0, 2.0, 3.0, 6.0, 2.0, 3.0, 3.0, 3.0, 3.0, 3.0, 3.0, 2.0, 3.0, 2.0, 3.0, 2.0, 3.0, 2.0, 2.0, 3.0, 3.0, 2.0, 2.0, 2.0, 3.0, 2.0, 2.0, 2.0, 3.0, 2.0, 2.0, 2.0, 3.0, 2.0, 2.0, 2.0, 3.0, 2.0, 3.0, 2.0, 2.0, 3.0, 2.0, 3.0, 2.0, 2.0, 2.0, 3.0, 3.0, 3.0, 3.0, 3.0, 2.0, 3.0, 3.0, 2.0, 3.0, 3.0, 3.0, 3.0, 2.0, 3.0, 2.0, 2.0, 2.0, 2.0, 2.0, 3.0, 2.0, 3.0, 2.0, 4.0, 2.0, 2.0, 3.0, 2.0, 3.0, 2.0, 3.0, 3.0, 3.0, 2.0, 3.0, 2.0, 3.0, 2.0, 3.0, 3.0, 3.0, 2.0, 3.0, 2.0, 2.0, 3.0, 3.0, 3.0, 3.0, 3.0, 2.0, 3.0, 3.0, 2.0, 2.0, 3.0, 3.0, 3.0, 2.0, 3.0, 2.0, 3.0, 2.0, 3.0, 3.0, 2.0, 2.0, 2.0, 3.0, 3.0, 2.0, 3.0, 2.0, 2.0, 2.0, 3.0, 2.0, 2.0, 3.0, 3.0, 3.0, 2.0, 3.0, 3.0, 2.0, 3.0, 3.0, 3.0, 2.0, 2.0, 3.0, 2.0, 2.0, 2.0, 3.0, 2.0, 2.0, 3.0, 3.0, 3.0, 3.0, 3.0, 3.0, 3.0, 2.0, 2.0, 3.0, 3.0, 3.0, 3.0, 3.0, 2.0, 3.0, 2.0, 3.0, 2.0, 3.0, 3.0, 3.0, 2.0, 2.0, 2.0, 3.0, 3.0, 3.0, 2.0, 2.0, 3.0, 2.0, 2.0, 2.0, 2.0, 2.0, 3.0, 2.0, 3.0, 3.0, 3.0, 3.0, 2.0, 3.0, 2.0, 3.0, 3.0, 4.0, 3.0, 4.0, 4.0, 4.0, 4.0, 5.0, 5.0, 4.0, 5.0, 7.0, 5.0, 5.0, 5.0, 5.0, 4.0, 4.0, 4.0, 6.0, 5.0, 5.0, 5.0, 5.0, 5.0, 5.0, 6.0, 7.0, 5.0, 5.0, 5.0, 3.0, 3.0, 3.0, 2.0, 2.0, 2.0, 3.0, 3.0, 3.0, 3.0, 3.0, 3.0, 2.0, 3.0, 2.0, 3.0, 3.0, 3.0, 2.0, 3.0, 3.0, 2.0, 3.0, 2.0, 3.0, 3.0, 3.0, 3.0, 2.0, 2.0, 3.0, 2.0, 2.0, 2.0, 3.0, 3.0, 3.0, 3.0, 3.0, 3.0, 3.0, 2.0, 3.0, 3.0, 3.0, 2.0, 3.0, 3.0, 3.0, 3.0, 2.0, 4.0, 2.0, 3.0, 3.0, 2.0, 3.0, 2.0, 3.0, 2.0, 2.0, 3.0, 3.0, 3.0, 3.0, 2.0, 3.0, 2.0, 3.0, 3.0, 3.0, 2.0, 2.0, 2.0, 3.0, 3.0, 3.0, 3.0, 3.0, 2.0, 3.0, 3.0, 3.0, 3.0, 3.0, 3.0, 2.0, 2.0, 3.0, 2.0, 2.0, 3.0, 3.0, 3.0, 2.0, 3.0, 2.0, 3.0, 3.0, 3.0, 2.0, 3.0, 3.0, 3.0, 3.0, 3.0, 3.0, 3.0, 3.0, 4.0, 2.0, 2.0, 3.0, 3.0, 3.0, 2.0, 3.0, 2.0, 2.0, 2.0, 3.0, 3.0, 2.0, 3.0, 3.0, 3.0, 4.0, 4.0, 4.0, 4.0, 4.0, 5.0, 3.0, 3.0, 3.0, 2.0, 2.0, 3.0, 2.0, 3.0, 2.0, 3.0, 3.0, 3.0, 3.0, 3.0, 3.0, 3.0, 3.0, 3.0, 4.0, 2.0, 3.0, 2.0, 3.0, 3.0, 4.0, 4.0, 3.0, 4.0, 4.0, 4.0, 5.0, 5.0, 4.0, 4.0, 5.0, 6.0, 5.0, 5.0, 4.0, 5.0, 5.0, 5.0, 4.0, 5.0, 5.0, 5.0, 5.0, 6.0, 6.0, 6.0, 5.0, 5.0, 5.0, 5.0, 5.0, 5.0, 5.0, 5.0, 3.0, 2.0, 3.0, 3.0, 2.0, 2.0, 3.0, 2.0, 3.0, 3.0, 3.0, 2.0, 2.0, 3.0, 3.0, 3.0, 2.0, 3.0, 3.0, 3.0, 2.0, 3.0, 3.0, 3.0, 2.0, 2.0, 3.0, 3.0, 2.0, 2.0, 3.0, 2.0, 3.0, 2.0, 2.0, 3.0, 3.0, 2.0, 3.0, 2.0, 2.0, 2.0, 2.0, 3.0, 2.0, 2.0, 2.0, 2.0, 3.0, 3.0, 3.0, 3.0, 2.0, 2.0, 3.0, 2.0, 3.0, 3.0, 2.0, 3.0, 2.0, 2.0, 3.0, 2.0, 3.0, 3.0, 3.0, 3.0, 3.0, 2.0, 2.0, 3.0, 2.0, 3.0, 3.0, 2.0, 2.0, 2.0, 3.0, 3.0, 3.0, 3.0, 2.0, 2.0, 3.0, 2.0, 2.0, 3.0, 2.0, 3.0, 2.0, 3.0, 3.0, 3.0, 3.0, 3.0, 3.0, 3.0, 2.0, 3.0, 3.0, 2.0, 3.0, 2.0, 3.0, 2.0, 2.0, 3.0, 2.0, 2.0, 3.0, 2.0, 4.0, 2.0, 2.0, 2.0, 3.0, 3.0, 2.0, 2.0, 2.0, 2.0, 3.0, 3.0, 3.0, 3.0, 3.0, 3.0, 3.0, 3.0, 3.0, 4.0, 3.0, 3.0, 2.0, 2.0, 2.0, 3.0, 3.0, 3.0, 2.0, 3.0, 2.0, 3.0, 2.0, 3.0, 3.0, 3.0, 2.0, 2.0, 2.0, 3.0, 3.0, 2.0, 3.0, 2.0, 2.0]

HAR MLSTM_attention:
[6.0, 3.0, 3.0, 3.0, 3.0, 3.0, 3.0, 3.0, 3.0, 4.0, 3.0, 3.0, 3.0, 3.0, 3.0, 3.0, 3.0, 3.0, 3.0, 3.0, 3.0, 3.0, 3.0, 3.0, 3.0, 3.0, 4.0, 3.0, 3.0, 3.0, 3.0, 4.0, 3.0, 4.0, 4.0, 4.0, 5.0, 6.0, 6.0, 5.0, 6.0, 5.0, 6.0, 7.0, 6.0, 3.0, 3.0, 3.0, 3.0, 3.0, 4.0, 4.0, 5.0, 4.0, 6.0, 6.0, 3.0, 4.0, 3.0, 3.0, 4.0, 3.0, 3.0, 3.0, 2.0, 3.0, 3.0, 3.0, 4.0, 3.0, 3.0, 3.0, 3.0, 3.0, 3.0, 3.0, 3.0, 4.0, 3.0, 2.0, 3.0, 3.0, 3.0, 3.0, 3.0, 3.0, 4.0, 3.0, 3.0, 3.0, 3.0, 3.0, 3.0, 3.0, 3.0, 4.0, 2.0, 3.0, 3.0, 3.0, 3.0, 3.0, 3.0, 3.0, 3.0, 3.0, 3.0, 3.0, 3.0, 3.0, 3.0, 3.0, 4.0, 3.0, 3.0, 3.0, 3.0, 3.0, 3.0, 3.0, 3.0, 3.0, 3.0, 3.0, 3.0, 4.0, 3.0, 3.0, 3.0, 3.0, 3.0, 3.0, 3.0, 3.0, 3.0, 3.0, 3.0, 3.0, 3.0, 3.0, 3.0, 3.0, 3.0, 3.0, 4.0, 3.0, 3.0, 3.0, 2.0, 3.0, 3.0, 4.0, 3.0, 3.0, 3.0, 3.0, 3.0, 3.0, 4.0, 3.0, 3.0, 3.0, 3.0, 3.0, 3.0, 3.0, 3.0, 3.0, 3.0, 3.0, 3.0, 3.0, 3.0, 3.0, 3.0, 3.0, 3.0, 3.0, 3.0, 3.0, 3.0, 3.0, 3.0, 3.0, 3.0, 4.0, 4.0, 4.0, 5.0, 5.0, 7.0, 6.0, 6.0, 4.0, 3.0, 3.0, 2.0, 3.0, 3.0, 4.0, 4.0, 4.0, 4.0, 6.0, 3.0, 3.0, 3.0, 3.0, 3.0, 3.0, 3.0, 3.0, 4.0, 3.0, 3.0, 3.0, 3.0, 3.0, 3.0, 3.0, 3.0, 3.0, 3.0, 3.0, 3.0, 3.0, 3.0, 3.0, 3.0, 3.0, 3.0, 3.0, 3.0, 3.0, 3.0, 3.0, 3.0, 3.0, 3.0, 4.0, 3.0, 3.0, 3.0, 3.0, 3.0, 3.0, 3.0, 3.0, 4.0, 3.0, 3.0, 3.0, 4.0, 3.0, 3.0, 3.0, 3.0, 3.0, 3.0, 2.0, 3.0, 3.0, 3.0, 3.0, 3.0, 4.0, 3.0, 3.0, 3.0, 3.0, 3.0, 3.0, 3.0, 3.0, 3.0, 4.0, 3.0, 3.0, 3.0, 3.0, 3.0, 4.0, 3.0, 3.0, 3.0, 3.0, 3.0, 3.0, 4.0, 3.0, 3.0, 3.0, 4.0, 3.0, 3.0, 3.0, 3.0, 3.0, 3.0, 3.0, 3.0, 3.0, 3.0, 4.0, 3.0, 3.0, 3.0, 4.0, 3.0, 3.0, 4.0, 4.0, 3.0, 4.0, 3.0, 3.0, 2.0, 3.0, 3.0, 3.0, 3.0, 3.0, 3.0, 4.0, 3.0, 3.0, 3.0, 4.0, 3.0, 3.0, 3.0, 3.0, 3.0, 3.0, 4.0, 5.0, 5.0, 5.0, 5.0, 6.0, 6.0, 6.0, 6.0, 3.0, 3.0, 3.0, 4.0, 3.0, 4.0, 4.0, 4.0, 5.0, 7.0, 6.0, 6.0, 3.0, 3.0, 3.0, 3.0, 3.0, 3.0, 3.0, 3.0, 4.0, 3.0, 3.0, 4.0, 3.0, 3.0, 3.0, 3.0, 3.0, 3.0, 3.0, 3.0, 3.0, 3.0, 3.0, 3.0, 3.0, 3.0, 3.0, 3.0, 3.0, 3.0, 3.0, 3.0, 4.0, 3.0, 3.0, 3.0, 3.0, 3.0, 3.0, 3.0, 3.0, 3.0, 3.0, 3.0, 3.0, 3.0, 3.0, 3.0, 3.0, 3.0, 3.0, 3.0, 6.0, 4.0, 3.0, 3.0, 3.0, 4.0, 3.0, 3.0, 3.0, 3.0, 3.0, 3.0, 3.0, 3.0, 3.0, 3.0, 3.0, 3.0, 3.0, 3.0, 3.0, 3.0, 3.0, 2.0, 3.0, 3.0, 3.0, 4.0, 3.0, 3.0, 3.0, 3.0, 3.0, 3.0, 3.0, 3.0, 2.0, 3.0, 3.0, 3.0, 3.0, 3.0, 3.0, 3.0, 3.0, 4.0, 3.0, 3.0, 3.0, 4.0, 4.0, 3.0, 3.0, 3.0, 2.0, 3.0, 3.0, 3.0, 3.0, 3.0, 3.0, 3.0, 3.0, 4.0, 3.0, 3.0, 3.0, 3.0, 3.0, 3.0, 3.0, 3.0, 3.0, 3.0, 3.0, 3.0, 2.0, 3.0, 3.0, 3.0, 3.0, 3.0, 3.0, 3.0, 3.0, 3.0, 3.0, 3.0, 3.0, 3.0, 3.0, 3.0, 3.0, 3.0, 3.0, 4.0, 3.0, 3.0, 3.0, 3.0, 3.0, 3.0, 3.0, 3.0, 3.0, 3.0, 3.0, 4.0, 5.0, 6.0, 7.0, 3.0, 3.0, 3.0, 3.0, 3.0, 3.0, 3.0, 3.0, 3.0, 3.0, 3.0, 4.0, 4.0, 3.0, 3.0, 3.0, 3.0, 3.0, 2.0, 3.0, 3.0, 3.0, 3.0, 3.0, 3.0, 3.0, 4.0, 3.0, 4.0, 3.0, 3.0, 3.0, 3.0, 3.0, 3.0, 3.0, 3.0, 3.0, 3.0, 3.0, 3.0, 3.0, 3.0, 3.0, 3.0, 3.0, 4.0, 3.0, 3.0, 3.0, 3.0, 3.0, 3.0, 3.0, 3.0, 3.0, 3.0, 4.0, 3.0, 3.0, 3.0, 3.0, 3.0, 3.0, 3.0, 3.0, 3.0, 3.0, 3.0, 3.0, 3.0, 4.0, 3.0, 3.0, 3.0, 3.0, 3.0, 3.0, 3.0, 3.0, 3.0, 3.0, 3.0, 3.0, 3.0, 4.0, 3.0, 3.0, 3.0, 3.0, 3.0, 4.0, 3.0, 3.0, 4.0, 4.0, 3.0, 3.0, 3.0, 3.0, 4.0, 3.0, 3.0, 3.0, 3.0, 3.0, 3.0, 3.0, 3.0, 3.0, 3.0, 3.0, 2.0, 3.0, 3.0, 2.0, 3.0, 3.0, 3.0, 3.0, 3.0, 3.0, 3.0, 4.0, 4.0, 4.0, 4.0, 7.0, 6.0, 7.0, 7.0, 5.0, 6.0, 6.0, 6.0, 7.0, 6.0, 7.0, 7.0, 6.0, 7.0, 6.0, 7.0, 6.0, 6.0, 6.0, 7.0, 6.0, 7.0, 3.0, 3.0, 4.0, 3.0, 3.0, 4.0, 3.0, 3.0, 4.0, 3.0, 3.0, 4.0, 3.0, 3.0, 3.0, 3.0, 3.0, 3.0, 3.0, 3.0, 3.0, 3.0, 3.0, 3.0, 3.0, 3.0, 3.0, 3.0, 3.0, 3.0, 3.0, 4.0, 3.0, 3.0, 3.0, 3.0, 3.0, 2.0, 3.0, 3.0, 2.0, 3.0, 4.0, 4.0, 4.0, 3.0, 3.0, 3.0, 3.0, 3.0, 3.0, 3.0, 3.0, 4.0, 3.0, 3.0, 3.0, 3.0, 3.0, 3.0, 3.0, 4.0, 4.0, 4.0, 4.0, 6.0, 3.0, 3.0, 3.0, 3.0, 3.0, 3.0, 3.0, 4.0, 3.0, 3.0, 3.0, 4.0, 3.0, 3.0, 3.0, 3.0, 3.0, 4.0, 3.0, 3.0, 3.0, 3.0, 3.0, 3.0, 3.0, 3.0, 3.0, 4.0, 3.0, 3.0, 4.0, 3.0, 3.0, 2.0, 2.0, 3.0, 3.0, 3.0, 3.0, 3.0, 3.0, 3.0, 2.0, 3.0, 3.0, 3.0, 3.0, 3.0, 3.0, 3.0, 3.0, 3.0, 3.0, 3.0, 3.0, 2.0, 4.0, 3.0, 3.0, 3.0, 3.0, 3.0, 4.0, 3.0, 4.0, 4.0, 3.0, 3.0, 3.0, 3.0, 3.0, 4.0, 4.0, 4.0, 5.0, 6.0, 6.0, 7.0, 7.0, 3.0, 4.0, 3.0, 3.0, 3.0, 3.0, 4.0, 3.0, 3.0, 3.0, 3.0, 3.0, 3.0, 3.0, 3.0, 3.0, 2.0, 3.0, 3.0, 3.0, 3.0, 3.0, 3.0, 3.0, 3.0, 3.0, 3.0, 3.0, 3.0, 4.0, 3.0, 3.0, 3.0, 4.0, 4.0, 3.0, 4.0, 3.0, 3.0, 3.0, 3.0, 3.0, 4.0, 3.0, 4.0, 3.0, 3.0, 3.0, 3.0, 3.0, 3.0, 3.0, 3.0, 3.0, 3.0, 3.0, 3.0, 3.0, 3.0, 3.0, 3.0, 3.0, 3.0, 2.0, 3.0, 3.0, 3.0, 3.0, 4.0, 2.0, 3.0, 3.0, 3.0, 3.0, 3.0, 3.0, 5.0, 3.0, 3.0, 3.0, 3.0, 3.0, 3.0, 3.0, 3.0, 4.0, 4.0, 3.0, 3.0, 3.0, 3.0, 4.0, 2.0, 4.0, 3.0, 3.0, 3.0, 3.0, 3.0, 3.0, 3.0, 3.0, 3.0, 3.0, 3.0, 3.0, 3.0, 3.0, 3.0, 3.0, 3.0, 3.0, 3.0, 3.0, 4.0, 3.0, 3.0, 3.0, 3.0, 3.0, 3.0, 3.0, 3.0, 3.0, 3.0, 3.0, 3.0, 3.0, 3.0, 3.0, 3.0, 3.0, 3.0, 3.0, 3.0, 3.0, 3.0, 3.0, 5.0, 6.0, 6.0, 7.0, 8.0, 3.0, 3.0, 3.0, 3.0, 3.0, 3.0, 3.0, 3.0, 3.0, 3.0, 4.0, 3.0, 3.0, 3.0, 3.0, 3.0, 3.0, 4.0, 3.0, 3.0, 3.0, 3.0, 3.0, 3.0, 3.0, 4.0, 3.0, 3.0, 3.0, 3.0, 3.0, 3.0, 3.0, 3.0, 3.0, 3.0, 4.0, 3.0, 3.0, 3.0, 3.0, 3.0, 3.0, 3.0, 2.0, 3.0, 3.0, 3.0, 3.0, 3.0, 3.0, 3.0, 3.0, 3.0, 3.0, 3.0, 3.0, 3.0, 3.0, 3.0, 3.0, 3.0, 2.0, 3.0, 3.0, 3.0, 3.0, 3.0, 3.0, 3.0, 3.0, 3.0, 3.0, 3.0, 3.0, 3.0, 3.0, 3.0, 3.0, 3.0, 3.0, 3.0, 3.0, 3.0, 3.0, 3.0, 3.0, 3.0, 3.0, 3.0, 3.0, 3.0, 3.0, 3.0, 3.0, 4.0, 3.0, 3.0, 2.0, 3.0, 3.0, 3.0, 3.0, 3.0, 3.0, 3.0, 3.0, 3.0, 3.0, 3.0, 3.0, 3.0, 3.0, 3.0, 3.0, 3.0, 3.0, 3.0, 3.0, 3.0, 3.0, 3.0, 3.0, 3.0, 3.0, 6.0, 4.0, 6.0, 6.0, 7.0, 6.0, 6.0, 6.0, 7.0, 7.0, 6.0, 6.0, 6.0, 3.0, 3.0, 4.0, 3.0, 5.0, 5.0, 5.0, 6.0, 7.0, 6.0, 6.0, 8.0, 6.0, 3.0, 3.0, 3.0, 3.0, 3.0, 4.0, 3.0, 4.0, 3.0, 3.0, 3.0, 3.0, 3.0, 3.0, 3.0, 3.0, 3.0, 3.0, 3.0, 3.0, 3.0, 3.0, 3.0, 3.0, 3.0, 3.0, 4.0, 3.0, 4.0, 3.0, 3.0, 3.0, 2.0, 3.0, 3.0, 4.0, 3.0, 3.0, 3.0, 3.0, 3.0, 3.0, 3.0, 3.0, 3.0, 2.0, 3.0, 3.0, 3.0, 3.0, 3.0, 3.0, 3.0, 3.0, 3.0, 3.0, 3.0, 3.0, 3.0, 3.0, 3.0, 3.0, 3.0, 3.0, 3.0, 3.0, 2.0, 3.0, 3.0, 3.0, 3.0, 3.0, 3.0, 4.0, 3.0, 3.0, 3.0, 3.0, 3.0, 3.0, 3.0, 3.0, 3.0, 3.0, 3.0, 3.0, 3.0, 3.0, 3.0, 4.0, 3.0, 3.0, 3.0, 4.0, 4.0, 4.0, 3.0, 3.0, 4.0, 3.0, 3.0, 3.0, 3.0, 3.0, 4.0, 3.0, 4.0, 3.0, 3.0, 3.0, 3.0, 3.0, 4.0, 3.0, 3.0, 3.0, 3.0, 3.0, 3.0, 3.0, 3.0, 3.0, 3.0, 3.0, 3.0, 4.0, 4.0, 4.0, 4.0, 4.0, 5.0, 6.0, 6.0, 6.0, 7.0, 3.0, 3.0, 3.0, 3.0, 4.0, 4.0, 5.0, 5.0, 5.0, 6.0, 5.0, 7.0, 6.0, 6.0, 7.0, 6.0, 7.0, 3.0, 3.0, 3.0, 3.0, 4.0, 3.0, 4.0, 3.0, 2.0, 3.0, 3.0, 3.0, 3.0, 3.0, 3.0, 3.0, 3.0, 3.0, 4.0, 3.0, 3.0, 3.0, 3.0, 3.0, 3.0, 3.0, 2.0, 3.0, 3.0, 4.0, 3.0, 3.0, 3.0, 3.0, 2.0, 3.0, 3.0, 3.0, 3.0, 3.0, 3.0, 3.0, 4.0, 3.0, 3.0, 3.0, 2.0, 3.0, 3.0, 3.0, 3.0, 3.0, 3.0, 3.0, 3.0, 3.0, 3.0, 3.0, 3.0, 3.0, 3.0, 3.0, 3.0, 3.0, 3.0, 3.0, 2.0, 3.0, 3.0, 3.0, 3.0, 3.0, 3.0, 2.0, 3.0, 4.0, 3.0, 3.0, 3.0, 3.0, 3.0, 3.0, 2.0, 3.0, 3.0, 3.0, 3.0, 3.0, 3.0, 3.0, 3.0, 3.0, 4.0, 3.0, 3.0, 3.0, 3.0, 3.0, 3.0, 3.0, 3.0, 3.0, 3.0, 3.0, 3.0, 3.0, 3.0, 3.0, 3.0, 3.0, 3.0, 3.0, 3.0, 3.0, 3.0, 3.0, 3.0, 3.0, 3.0, 3.0, 3.0, 3.0, 3.0, 3.0, 3.0, 3.0, 3.0, 3.0, 3.0, 3.0, 3.0, 3.0, 3.0, 3.0, 3.0, 3.0, 3.0, 3.0, 3.0, 3.0, 3.0, 3.0, 4.0, 4.0, 4.0, 4.0, 5.0, 6.0, 6.0, 6.0, 6.0, 6.0, 6.0, 6.0, 6.0, 7.0, 6.0, 6.0, 6.0, 6.0, 6.0, 7.0, 3.0, 3.0, 3.0, 3.0, 3.0, 3.0, 3.0, 3.0, 3.0, 3.0, 3.0, 3.0, 3.0, 3.0, 3.0, 3.0, 3.0, 2.0, 3.0, 3.0, 3.0, 3.0, 3.0, 3.0, 3.0, 3.0, 3.0, 3.0, 3.0, 3.0, 3.0, 4.0, 3.0, 3.0, 3.0, 3.0, 3.0, 3.0, 3.0, 3.0, 3.0, 3.0, 3.0, 3.0, 3.0, 3.0, 3.0, 3.0, 3.0, 3.0, 3.0, 3.0, 3.0, 3.0, 3.0, 3.0, 3.0, 3.0, 3.0, 3.0, 3.0, 4.0, 2.0, 3.0, 3.0, 2.0, 3.0, 3.0, 3.0, 3.0, 2.0, 3.0, 3.0, 3.0, 3.0, 3.0, 3.0, 3.0, 3.0, 3.0, 3.0, 4.0, 3.0, 2.0, 3.0, 3.0, 4.0, 3.0, 3.0, 3.0, 3.0, 3.0, 3.0, 3.0, 3.0, 3.0, 4.0, 4.0, 5.0, 5.0, 6.0, 6.0, 3.0, 3.0, 3.0, 3.0, 3.0, 3.0, 3.0, 3.0, 3.0, 3.0, 3.0, 3.0, 3.0, 3.0, 3.0, 3.0, 3.0, 2.0, 3.0, 2.0, 3.0, 3.0, 3.0, 2.0, 3.0, 3.0, 4.0, 3.0, 4.0, 3.0, 4.0, 5.0, 6.0, 5.0, 5.0, 6.0, 6.0, 6.0, 6.0, 6.0, 7.0, 7.0, 6.0, 6.0, 7.0, 7.0, 6.0, 6.0, 6.0, 7.0, 7.0, 4.0, 3.0, 3.0, 3.0, 3.0, 3.0, 3.0, 3.0, 3.0, 3.0, 3.0, 4.0, 3.0, 3.0, 3.0, 3.0, 2.0, 3.0, 3.0, 3.0, 3.0, 3.0, 3.0, 3.0, 3.0, 3.0, 3.0, 3.0, 4.0, 3.0, 3.0, 3.0, 3.0, 3.0, 3.0, 3.0, 3.0, 3.0, 3.0, 2.0, 3.0, 3.0, 3.0, 3.0, 3.0, 3.0, 3.0, 3.0, 3.0, 3.0, 3.0, 3.0, 3.0, 3.0, 3.0, 3.0, 3.0, 3.0, 3.0, 3.0, 3.0, 3.0, 3.0, 3.0, 3.0, 3.0, 3.0, 3.0, 3.0, 3.0, 3.0, 3.0, 3.0, 3.0, 3.0, 3.0, 4.0, 3.0, 2.0, 3.0, 3.0, 3.0, 3.0, 4.0, 3.0, 3.0, 2.0, 3.0, 3.0, 4.0, 3.0, 4.0, 3.0, 3.0, 3.0, 3.0, 3.0, 3.0, 3.0, 4.0, 3.0, 3.0, 3.0, 4.0, 3.0, 3.0, 3.0, 3.0, 3.0, 3.0, 3.0, 3.0, 3.0, 3.0, 3.0, 3.0, 7.0, 3.0, 3.0, 3.0, 3.0, 3.0, 4.0, 3.0, 3.0, 3.0, 3.0, 2.0, 3.0, 3.0, 3.0, 3.0, 3.0, 3.0, 3.0, 3.0, 3.0, 3.0, 3.0, 3.0, 3.0, 3.0, 3.0, 3.0, 3.0, 3.0, 3.0, 2.0, 3.0, 3.0, 3.0, 3.0, 3.0, 4.0, 4.0, 3.0, 4.0, 5.0, 6.0, 6.0, 6.0, 3.0, 3.0, 3.0, 3.0, 4.0, 4.0, 5.0, 5.0, 6.0, 6.0, 6.0, 7.0, 6.0, 6.0, 6.0, 3.0, 3.0, 3.0, 3.0, 3.0, 3.0, 3.0, 3.0, 3.0, 3.0, 4.0, 3.0, 3.0, 3.0, 3.0, 3.0, 3.0, 3.0, 3.0, 3.0, 4.0, 3.0, 3.0, 3.0, 3.0, 3.0, 3.0, 3.0, 4.0, 3.0, 3.0, 3.0, 3.0, 3.0, 3.0, 3.0, 3.0, 3.0, 3.0, 3.0, 3.0, 3.0, 3.0, 3.0, 3.0, 3.0, 3.0, 3.0, 3.0, 3.0, 3.0, 3.0, 3.0, 3.0, 3.0, 3.0, 3.0, 4.0, 3.0, 3.0, 3.0, 3.0, 4.0, 3.0, 4.0, 4.0, 2.0, 3.0, 3.0, 3.0, 3.0, 4.0, 3.0, 3.0, 3.0, 3.0, 3.0, 3.0, 3.0, 3.0, 3.0, 3.0, 4.0, 3.0, 3.0, 3.0, 3.0, 3.0, 3.0, 3.0, 3.0, 3.0, 3.0, 3.0, 3.0, 3.0, 3.0, 3.0, 3.0, 3.0, 3.0, 3.0, 3.0, 3.0, 3.0, 3.0, 3.0, 3.0, 3.0, 3.0, 4.0, 3.0, 3.0, 3.0, 3.0, 3.0, 3.0, 3.0, 3.0, 3.0, 3.0, 3.0, 3.0, 3.0, 3.0, 3.0, 3.0, 3.0, 3.0, 3.0, 3.0, 3.0, 3.0, 3.0, 3.0, 3.0, 4.0, 3.0, 3.0, 3.0, 3.0, 3.0, 3.0, 3.0, 3.0, 4.0, 4.0, 6.0, 6.0, 6.0, 6.0, 6.0, 6.0, 6.0, 6.0, 7.0, 7.0, 6.0, 6.0, 6.0, 6.0, 6.0, 6.0, 7.0, 7.0, 8.0, 7.0, 7.0, 6.0, 6.0, 2.0, 3.0, 3.0, 4.0, 2.0, 3.0, 3.0, 3.0, 3.0, 3.0, 3.0, 3.0, 2.0, 3.0, 3.0, 2.0, 3.0, 3.0, 3.0, 3.0, 3.0, 2.0, 3.0, 3.0, 2.0, 3.0, 3.0, 3.0, 3.0, 3.0, 3.0, 3.0, 3.0, 3.0, 3.0, 3.0, 3.0, 7.0, 3.0, 3.0, 3.0, 3.0, 3.0, 3.0, 2.0, 3.0, 3.0, 4.0, 3.0, 3.0, 3.0, 3.0, 3.0, 3.0, 3.0, 3.0, 3.0, 3.0, 3.0, 4.0, 3.0, 3.0, 3.0, 3.0, 3.0, 3.0, 3.0, 3.0, 3.0, 3.0, 3.0, 3.0, 3.0, 3.0, 4.0, 3.0, 3.0, 3.0, 3.0, 3.0, 3.0,
4.0, 4.0, 3.0, 3.0, 3.0, 3.0, 3.0, 3.0, 2.0, 3.0, 3.0, 3.0, 3.0, 3.0, 3.0, 3.0, 3.0, 3.0, 3.0, 3.0, 3.0, 2.0, 3.0, 3.0, 3.0, 3.0, 3.0, 3.0, 3.0, 3.0, 3.0, 3.0, 3.0, 3.0, 3.0, 3.0, 3.0, 3.0, 3.0, 3.0, 3.0, 3.0, 3.0, 3.0, 3.0, 3.0, 3.0, 3.0, 3.0, 3.0, 3.0, 2.0, 3.0, 3.0, 3.0, 3.0, 3.0, 3.0, 3.0, 3.0, 3.0, 3.0, 3.0, 3.0, 3.0, 3.0, 3.0, 3.0, 3.0, 3.0, 3.0, 3.0, 3.0, 4.0, 4.0, 4.0, 4.0, 5.0, 6.0, 6.0, 6.0, 6.0, 6.0, 3.0, 3.0, 3.0, 3.0, 3.0, 4.0, 5.0, 5.0, 6.0, 5.0, 5.0, 6.0, 5.0, 6.0, 3.0, 3.0, 3.0, 3.0, 3.0, 3.0, 3.0, 3.0, 3.0, 3.0, 3.0, 3.0, 3.0, 3.0, 3.0, 3.0, 3.0, 3.0, 3.0, 3.0, 3.0, 3.0, 3.0, 3.0, 3.0, 3.0, 3.0, 3.0, 3.0, 3.0, 3.0, 3.0, 3.0, 3.0, 3.0, 3.0, 3.0, 3.0, 3.0, 3.0, 3.0, 3.0, 3.0, 3.0, 3.0, 3.0, 3.0, 3.0, 3.0, 3.0, 3.0, 3.0, 3.0, 3.0, 3.0, 3.0, 3.0, 3.0, 3.0, 3.0, 3.0, 3.0, 3.0, 3.0, 3.0, 3.0, 3.0, 3.0, 3.0, 3.0, 3.0, 3.0, 3.0, 3.0, 4.0, 3.0, 3.0, 3.0, 3.0, 3.0, 3.0, 3.0, 3.0, 3.0, 3.0, 3.0, 3.0, 3.0, 3.0, 3.0, 3.0, 3.0, 3.0, 3.0, 3.0, 3.0, 3.0, 3.0, 3.0, 3.0, 3.0, 4.0, 3.0, 2.0, 3.0, 3.0, 3.0, 3.0, 3.0, 3.0, 3.0, 3.0, 3.0, 3.0, 4.0, 3.0, 3.0, 3.0, 3.0, 3.0, 3.0, 3.0, 3.0, 4.0, 3.0, 3.0, 3.0, 3.0, 3.0, 3.0, 3.0, 3.0, 3.0, 3.0, 3.0, 3.0, 3.0, 2.0, 3.0, 3.0, 3.0, 3.0, 3.0, 3.0, 3.0, 3.0, 3.0, 3.0, 3.0, 2.0, 3.0, 3.0, 3.0, 3.0, 3.0, 3.0, 4.0, 4.0, 4.0, 4.0, 4.0, 5.0, 6.0, 5.0, 6.0, 6.0, 7.0, 7.0, 7.0, 7.0, 7.0, 8.0, 6.0, 6.0, 3.0, 3.0, 3.0, 3.0, 2.0, 3.0, 4.0, 4.0, 5.0, 5.0, 5.0, 5.0, 6.0, 7.0, 7.0, 6.0, 3.0, 3.0, 3.0, 3.0, 3.0, 3.0, 3.0, 3.0, 3.0, 3.0, 4.0, 3.0, 3.0, 3.0, 3.0, 3.0, 4.0, 3.0, 4.0, 3.0, 3.0, 2.0, 2.0, 3.0, 4.0, 3.0, 3.0, 3.0, 3.0, 3.0, 3.0, 3.0, 3.0, 4.0, 3.0, 3.0, 3.0, 4.0, 3.0, 3.0, 3.0, 4.0, 4.0, 3.0, 4.0, 3.0, 3.0, 3.0, 2.0, 3.0, 3.0, 3.0, 3.0, 4.0, 3.0, 3.0, 3.0, 3.0, 3.0, 3.0, 3.0, 3.0, 3.0, 3.0, 3.0, 3.0, 3.0, 3.0, 4.0, 3.0, 3.0, 4.0, 3.0, 3.0, 3.0, 3.0, 4.0, 3.0, 3.0, 3.0, 3.0, 3.0, 3.0, 3.0, 3.0, 3.0, 3.0, 3.0, 3.0, 3.0, 3.0, 3.0, 3.0, 3.0, 3.0, 4.0, 3.0, 3.0, 2.0, 3.0, 3.0, 3.0, 3.0, 3.0, 3.0, 2.0, 3.0, 3.0, 3.0, 3.0, 3.0, 3.0, 3.0, 3.0, 3.0, 3.0, 3.0, 3.0, 3.0, 3.0, 3.0, 3.0, 4.0, 3.0, 3.0, 2.0, 3.0, 3.0, 4.0, 3.0, 4.0, 3.0, 3.0, 3.0, 3.0, 3.0, 3.0, 3.0, 3.0, 3.0, 3.0, 3.0, 3.0, 3.0, 3.0, 4.0, 5.0, 5.0, 5.0, 6.0, 6.0, 6.0, 7.0, 6.0, 3.0, 3.0, 4.0, 3.0, 4.0, 4.0, 5.0, 5.0, 6.0, 6.0, 6.0, 6.0, 6.0, 7.0, 7.0, 6.0, 7.0, 3.0, 3.0, 3.0, 3.0, 3.0, 3.0, 3.0, 3.0, 3.0, 3.0, 3.0, 3.0, 3.0, 3.0, 3.0, 3.0, 3.0, 3.0, 3.0, 3.0, 3.0, 4.0, 3.0, 3.0, 3.0, 3.0, 3.0, 3.0, 3.0, 4.0, 3.0, 3.0, 3.0, 3.0, 3.0, 3.0, 3.0, 3.0, 3.0, 3.0, 3.0, 3.0, 3.0, 3.0, 3.0, 3.0, 4.0, 3.0, 3.0, 3.0, 4.0, 3.0, 3.0, 3.0, 3.0, 2.0, 4.0, 3.0, 3.0, 3.0, 2.0, 3.0, 3.0, 3.0, 3.0, 3.0, 3.0, 3.0, 3.0, 4.0, 3.0, 2.0, 3.0, 3.0, 3.0, 3.0, 3.0, 3.0, 3.0, 2.0, 3.0, 3.0, 3.0, 3.0, 3.0, 3.0, 3.0, 3.0, 3.0, 3.0, 4.0, 2.0, 3.0, 3.0, 3.0, 3.0, 3.0, 3.0, 3.0, 3.0, 3.0, 3.0, 2.0, 3.0, 3.0, 3.0, 3.0, 3.0, 3.0, 3.0, 3.0, 3.0, 3.0, 3.0, 4.0, 3.0, 3.0, 3.0, 3.0, 3.0, 3.0, 3.0, 3.0, 3.0, 3.0, 3.0, 3.0, 3.0, 2.0, 3.0, 3.0, 3.0, 3.0, 3.0, 3.0, 3.0, 3.0, 3.0, 3.0, 3.0, 3.0, 3.0, 3.0, 4.0, 4.0, 4.0, 4.0, 5.0, 5.0, 6.0, 6.0, 6.0, 6.0, 5.0, 6.0, 7.0, 6.0, 6.0, 7.0, 7.0, 7.0, 3.0, 3.0, 3.0, 3.0, 3.0, 4.0, 3.0, 4.0, 5.0, 5.0, 6.0, 6.0, 5.0, 6.0, 6.0, 3.0, 3.0, 3.0, 3.0, 4.0, 3.0, 3.0, 3.0, 3.0, 3.0, 3.0, 3.0, 3.0, 3.0, 3.0, 3.0, 3.0, 4.0, 3.0, 3.0, 3.0, 3.0, 3.0, 3.0, 3.0, 3.0, 3.0, 3.0, 3.0, 3.0, 4.0, 3.0, 3.0, 4.0, 3.0, 3.0, 3.0, 3.0, 3.0, 3.0, 3.0, 3.0, 3.0, 3.0, 3.0, 4.0, 3.0, 3.0, 3.0, 3.0, 3.0, 3.0, 3.0, 3.0, 3.0, 3.0, 3.0, 3.0, 3.0, 3.0, 3.0, 3.0, 3.0, 3.0, 3.0, 3.0, 3.0, 3.0, 3.0, 3.0, 3.0, 3.0, 3.0, 3.0, 3.0, 3.0, 3.0, 4.0, 3.0, 3.0, 3.0, 3.0, 3.0, 3.0, 3.0, 3.0, 3.0, 3.0, 2.0, 3.0, 3.0, 3.0, 3.0, 3.0, 3.0, 3.0, 4.0, 3.0, 3.0, 3.0, 3.0, 3.0, 3.0, 3.0, 3.0, 3.0, 3.0, 2.0, 3.0, 3.0, 3.0, 3.0, 3.0, 3.0, 3.0, 3.0, 3.0, 3.0, 3.0, 2.0, 3.0, 3.0, 3.0, 3.0, 3.0, 3.0, 3.0, 3.0, 4.0, 3.0, 3.0, 3.0, 2.0, 3.0, 4.0, 3.0, 3.0, 3.0, 3.0, 3.0, 3.0, 3.0, 3.0, 3.0, 2.0, 3.0, 3.0, 3.0, 4.0, 3.0, 3.0, 3.0, 3.0, 3.0, 3.0, 3.0, 3.0, 3.0, 4.0, 4.0, 3.0, 4.0, 5.0, 5.0, 6.0, 6.0, 6.0, 6.0, 7.0, 7.0, 3.0, 3.0, 3.0, 3.0, 4.0, 3.0, 4.0, 5.0, 5.0, 5.0, 7.0, 6.0, 6.0, 7.0, 7.0, 7.0, 6.0, 6.0, 6.0, 6.0, 3.0, 3.0, 3.0, 3.0, 3.0, 3.0, 3.0, 2.0, 4.0, 3.0, 4.0, 3.0, 3.0, 3.0, 3.0, 3.0, 3.0, 2.0, 3.0, 3.0, 3.0, 4.0, 3.0, 3.0, 4.0, 3.0, 3.0, 3.0, 3.0, 3.0, 3.0, 3.0, 3.0, 3.0, 3.0, 3.0, 3.0, 3.0, 3.0, 3.0, 3.0, 3.0, 3.0, 3.0, 3.0, 3.0, 3.0, 3.0, 3.0, 3.0, 3.0, 3.0, 3.0, 3.0, 4.0, 2.0, 3.0, 3.0, 3.0, 3.0, 3.0, 3.0, 3.0, 3.0, 3.0, 3.0, 3.0, 3.0, 3.0, 3.0, 3.0, 3.0, 4.0, 3.0, 3.0, 3.0, 3.0, 3.0, 3.0, 3.0, 3.0, 3.0, 3.0, 3.0, 3.0, 3.0, 4.0, 3.0, 3.0, 3.0, 5.0, 3.0, 3.0, 3.0, 3.0, 3.0, 3.0, 3.0, 3.0, 3.0, 2.0, 4.0, 3.0, 3.0, 3.0, 3.0, 3.0, 3.0, 3.0, 3.0, 3.0, 3.0, 3.0, 4.0, 3.0, 3.0, 4.0, 3.0, 3.0, 3.0, 3.0, 3.0, 3.0]
